rs12734589,rs2004380,rs10737456,rs10799692,rs3820296,rs10916988,rs1976403,rs1780324,rs4654753,rs79760554,rs12729540,rs12043777,rs10799702,rs4061838,rs7545635,rs4654946,rs2047653,rs4079441,rs12034222,rs3820292,rs75417796,rs7541779,rs75417790,rs10799691,rs1971328,rs12744514,rs41310392,rs75056920,rs1697421,rs146767219,rs12132412,rs112985962,rs147900768,rs1814737,rs56286426,rs17420195,rs113548640,rs146564096,rs10916989,rs150401191,rs3010180,rs78885464,rs6694671,rs144522615,rs61775934,rs3010181,rs1780323,rs61778366,rs79659018,rs10737458,rs11584744,rs201590042,rs1566524,rs61775950,rs144443608,rs10916986,rs904927,rs190849739,rs143561157,rs12740648,rs12118362,rs1809914,rs41310412,rs6423191,rs140609058,rs7555005,rs71512991,rs139043162,rs2800935,rs113324018,rs904928,rs7533048,rs12239666,rs972662,rs9726624,rs2800774,rs56268398,rs12082914,rs78566499,rs1809915,rs7547671,rs146549873,rs113934925,rs112865759,rs72478507,rs200384063,rs4654930,rs3855556,rs35836191,rs60803995,rs12037596,rs2651402,rs41290414,rs72476502,rs58090121,rs904937,rs41265985,rs77025042,rs7417849,rs113558389,rs904929,rs10799704,rs148061397,rs115933091,rs143553186,ENSG00000142794
1,1,1,1,1,1,1,0,1,1,1,1,1,2,1,1,1,1,1,1,0,1,0,1,1,2,2,0,0,0,0,1,0,1,1,1,1,0,1,1,0,1,2,0,1,0,1,1,0,2,0,1,2,1,1,2,0,0,0,0,0,1,0,2,0,1,0,0,1,0,2,0,2,2,0,0,0,1,0,1,0,2,0,0,0,0,0,1,0,2,2,0,0,0,0,2,0,0,2,0,1,1,0,0,0,1.04640077707209
1,1,1,1,1,1,0,1,1,1,1,1,0,1,1,2,2,2,1,0,0,1,0,2,1,1,1,1,1,1,0,1,0,0,1,0,0,1,1,0,2,1,1,2,1,2,1,0,2,1,1,1,1,1,1,1,1,2,1,0,1,0,0,2,1,0,1,1,1,0,1,0,1,2,0,0,0,2,0,0,1,2,0,0,0,0,0,1,0,1,2,0,0,0,0,2,1,0,2,0,0,0,0,0,0,0.906577987318046
1,1,0,1,1,0,1,2,1,1,0,0,0,2,1,1,1,1,1,0,0,1,0,1,1,2,2,1,2,1,0,1,0,1,1,1,1,1,0,1,1,1,2,1,1,1,2,0,1,2,0,1,1,1,0,1,0,1,0,0,0,2,0,1,0,1,1,0,1,0,2,0,1,2,0,0,0,0,0,2,0,1,0,0,0,1,1,1,1,1,2,0,0,0,0,2,1,0,2,0,2,0,0,0,0,0.7300674524238391
1,1,1,1,1,1,1,1,1,1,1,0,1,1,1,1,1,1,0,0,0,1,0,1,1,2,2,0,0,1,0,1,0,1,0,1,1,0,1,1,0,0,2,0,1,1,1,1,1,2,0,0,1,0,1,2,0,0,1,0,0,2,0,2,0,2,1,0,0,0,2,0,2,2,0,1,0,0,0,2,0,2,0,0,0,0,1,2,1,2,2,0,0,0,1,2,0,0,2,0,2,1,0,0,0,1.63883551967001
1,1,1,1,1,1,1,1,1,1,1,1,0,1,1,1,1,1,1,1,0,1,0,1,1,2,2,1,1,1,0,1,0,1,0,1,1,1,1,1,1,1,2,1,1,1,1,0,1,2,0,1,2,1,0,2,0,1,1,0,0,1,0,1,0,1,1,0,0,0,2,0,1,2,0,0,0,1,0,1,0,2,0,0,0,0,0,2,0,1,2,0,0,0,0,2,1,1,2,0,1,0,0,0,0,0.9560077430947679
0,0,0,0,0,0,2,1,0,0,0,0,1,1,0,0,0,0,1,0,0,0,0,0,0,1,1,1,1,0,0,1,1,2,0,2,2,0,0,1,1,1,2,0,2,0,1,1,1,2,1,1,1,1,0,1,0,0,1,0,1,2,0,1,0,2,0,0,1,1,2,0,1,1,0,0,0,0,0,2,0,1,0,0,0,0,0,2,0,1,2,0,0,0,0,2,1,0,2,0,2,0,0,0,0,2.388565954768
2,2,2,2,2,2,1,2,2,1,2,2,0,1,2,2,2,2,2,2,0,2,0,2,2,1,1,2,2,1,1,0,0,0,2,0,1,1,2,0,1,2,2,1,0,2,2,0,2,2,1,0,0,2,0,1,0,2,1,1,1,2,0,1,0,0,1,0,2,0,2,0,2,2,0,1,0,0,1,2,0,2,0,0,0,0,1,2,1,1,2,0,0,0,2,2,0,1,1,1,2,0,0,0,0,1.11740161854083
1,1,1,1,1,1,1,1,1,1,1,0,1,1,1,1,1,1,1,0,0,1,0,1,1,1,1,1,1,1,1,1,1,1,1,1,1,1,1,1,1,1,2,1,1,1,1,1,1,2,1,1,1,1,1,1,0,1,1,1,1,2,1,2,1,1,1,1,1,1,2,0,1,1,0,1,0,0,0,2,0,1,0,0,0,1,0,1,0,1,2,0,0,0,0,2,0,1,2,0,2,1,0,0,0,1.09115262005103
2,2,2,2,1,2,0,2,2,1,2,1,0,1,2,2,2,2,2,1,0,2,0,2,1,1,1,1,2,1,2,0,0,0,0,0,0,1,2,0,2,0,2,1,0,2,2,0,2,2,1,1,1,1,1,1,0,2,1,1,2,2,0,1,0,0,2,0,0,0,2,0,2,2,0,1,0,0,0,2,0,2,0,0,0,1,0,2,0,1,2,0,0,0,0,2,0,0,1,0,2,0,0,0,0,0.603936405559621
2,2,2,2,2,2,0,2,2,2,2,2,0,2,2,2,2,2,2,2,0,2,0,2,2,1,1,2,2,2,2,0,0,0,2,0,0,2,2,0,2,2,2,2,0,2,2,0,2,2,0,2,1,2,2,2,0,2,2,1,1,2,0,1,0,0,1,0,2,0,2,0,2,2,0,1,0,0,0,2,0,2,0,0,0,0,1,2,0,1,2,0,0,0,0,2,0,0,2,0,2,1,0,0,0,-0.0029035738429590303
1,1,1,1,1,0,1,0,1,1,1,1,1,1,1,1,1,1,1,1,0,1,0,1,1,1,1,1,0,0,0,1,1,1,1,1,1,0,0,1,1,1,2,1,0,1,0,1,1,2,1,1,1,1,1,1,0,1,1,0,1,1,1,2,1,1,0,1,1,1,2,0,1,1,0,1,0,1,0,1,0,2,0,0,0,0,0,1,0,1,2,0,0,0,1,2,1,0,2,0,1,1,0,0,0,1.2927963700983602
1,1,0,1,1,1,0,1,1,1,1,1,0,1,0,2,2,2,2,0,0,1,0,2,1,1,1,1,1,0,1,1,0,0,2,0,0,1,2,0,2,1,1,2,1,2,1,0,2,1,1,1,1,2,1,1,1,2,1,0,1,1,0,2,1,0,0,1,2,0,1,0,1,2,0,0,0,1,0,1,1,0,0,0,0,0,0,1,0,1,2,0,0,0,0,1,1,0,2,0,1,1,0,0,0,1.11616293313819
0,0,0,0,0,0,2,0,2,0,2,0,2,0,2,2,2,2,1,0,0,2,0,2,2,0,0,0,0,0,0,0,0,0,1,0,0,2,2,0,2,0,0,1,0,2,1,0,2,0,0,2,0,2,0,0,2,2,2,0,0,0,0,0,0,0,2,0,2,0,0,2,0,2,0,0,2,2,0,0,2,1,2,2,2,0,0,0,0,0,0,0,2,2,0,0,2,0,0,0,0,0,0,0,0,3.07356962972691
1,1,1,1,1,1,1,1,2,1,2,0,1,1,2,2,2,2,1,0,0,2,0,2,1,1,1,0,1,1,1,0,0,0,0,0,0,1,2,0,1,0,1,1,0,2,1,0,2,1,0,1,1,2,1,1,1,2,1,1,1,1,0,1,0,0,1,0,1,0,1,1,1,2,0,1,1,1,0,1,1,1,1,1,1,0,0,1,0,1,1,0,1,1,0,1,1,0,1,0,1,0,0,0,0,0.991444835536951
2,2,2,2,2,2,1,2,2,1,2,2,0,1,2,2,2,2,2,2,0,2,0,2,2,0,0,2,2,2,1,0,0,0,1,0,1,2,2,0,2,2,2,2,0,2,2,0,2,2,1,0,0,2,1,1,0,2,2,1,1,2,0,0,0,0,2,0,2,0,2,0,2,2,0,1,0,0,1,2,0,2,0,0,0,0,1,2,0,0,2,0,0,0,2,2,0,0,1,1,2,0,0,0,0,1.22330359614872
2,2,2,2,2,2,0,0,2,2,2,1,0,2,2,2,2,2,2,1,0,2,0,2,2,2,2,2,0,0,0,0,0,0,2,0,0,1,2,0,1,2,2,2,0,2,1,0,2,2,0,2,2,2,1,2,0,1,1,0,0,0,0,2,0,0,1,0,2,0,2,0,2,2,0,0,0,2,0,0,0,2,0,0,0,1,0,2,0,2,2,0,0,0,0,2,0,0,2,0,0,0,0,0,0,0.11067413046070801
2,2,2,2,2,2,0,2,2,1,2,2,0,2,2,2,2,2,2,1,0,2,0,2,2,1,1,2,2,2,2,0,0,0,2,0,0,2,2,0,2,1,2,2,0,2,2,0,2,2,0,2,1,2,1,2,0,2,2,0,0,2,0,1,0,0,1,0,2,0,2,0,2,2,0,1,0,0,0,2,0,2,0,0,0,0,1,2,0,1,2,0,0,0,0,2,0,0,2,0,2,0,0,0,0,0.230983102570691
1,1,1,1,1,1,1,1,1,1,1,0,1,1,1,1,1,1,1,0,0,1,0,1,1,0,0,0,1,0,1,1,1,1,1,1,1,1,1,1,0,1,2,0,1,0,1,1,0,2,1,1,0,0,1,2,0,1,0,0,0,2,1,1,1,1,1,1,0,0,2,0,2,2,0,1,0,0,1,2,0,2,0,0,0,0,1,2,0,1,2,0,0,0,1,2,0,0,2,1,2,0,0,0,0,2.03685327209518
2,2,2,2,2,2,0,2,2,1,2,2,0,1,2,2,2,2,2,2,0,2,0,2,2,2,2,2,2,1,1,0,0,0,2,0,0,2,2,0,2,2,2,1,0,1,2,0,1,2,0,2,1,2,1,2,0,1,2,1,1,2,0,2,0,0,2,0,2,1,2,0,2,1,0,1,0,0,1,2,0,2,0,0,0,0,1,2,1,2,2,0,0,0,1,2,0,0,2,0,2,1,1,0,0,0.18426401431882397
1,1,1,1,1,1,1,1,2,1,2,0,1,1,2,2,2,2,0,0,0,2,0,2,2,0,0,0,1,1,1,0,0,0,0,0,0,2,2,0,1,0,1,1,0,1,1,0,2,1,0,2,0,2,1,1,1,2,2,0,0,1,0,0,0,0,2,0,2,0,1,1,1,2,0,1,1,1,0,1,1,1,1,1,1,0,1,1,0,0,1,0,1,1,0,1,1,0,1,0,1,0,0,0,0,1.4319483780946898
0,0,1,2,0,0,2,0,2,0,2,1,0,1,1,2,2,2,1,0,0,1,0,0,2,1,0,1,0,0,0,0,0,0,1,0,0,1,2,2,2,1,0,2,0,2,1,0,2,2,0,1,0,2,0,1,0,2,2,0,0,2,0,0,0,0,1,0,2,0,2,2,1,2,0,0,2,2,0,0,2,0,0,0,0,0,1,2,0,0,2,0,0,0,0,2,1,0,2,0,2,0,0,0,0,2.14128096455961
1,1,1,1,1,1,1,1,2,1,2,0,1,2,2,2,2,2,1,0,0,2,0,2,1,2,2,1,1,1,1,0,0,0,1,0,0,1,2,0,0,0,1,1,0,1,1,0,2,1,0,1,2,2,0,2,1,0,0,0,0,1,0,2,0,0,1,0,0,0,1,1,2,2,0,0,1,1,0,1,1,1,1,1,1,0,0,2,0,2,2,0,1,0,0,2,1,0,1,0,1,1,0,0,0,0.963627416596348
1,1,1,1,1,2,0,2,1,1,1,1,0,1,1,2,2,2,1,0,0,2,0,2,1,1,1,1,2,1,0,1,0,0,1,0,0,1,2,0,1,1,1,1,1,1,2,0,2,1,1,2,1,1,0,2,1,1,2,0,0,1,0,2,1,0,1,1,2,0,1,0,2,2,0,0,0,1,0,1,1,2,0,0,0,0,0,2,0,2,2,0,0,0,0,1,0,0,2,0,0,1,0,0,0,1.30739139024734
0,0,1,1,0,0,2,0,2,0,2,0,1,1,2,2,2,2,1,0,0,2,0,1,2,0,0,0,0,0,0,0,0,0,0,0,0,2,2,1,0,0,0,0,0,1,0,0,2,1,0,1,0,2,0,1,1,1,2,0,0,1,0,0,0,0,2,0,2,0,1,2,1,2,0,0,1,2,0,0,2,0,1,1,1,0,1,1,0,0,1,0,1,1,0,1,1,0,1,0,1,0,0,0,0,2.5943940199789703
2,2,2,2,2,2,0,2,2,1,2,2,0,2,2,2,2,2,2,2,0,2,0,2,2,2,2,2,1,2,1,0,0,0,2,0,0,2,2,0,2,2,2,2,0,2,2,0,2,2,0,2,1,2,1,2,0,2,2,1,1,2,0,2,0,1,2,0,2,0,2,0,2,2,0,2,0,0,0,2,0,2,0,0,0,0,1,2,1,2,2,0,0,0,1,2,0,1,2,0,2,0,0,0,0,0.18124347240456898
2,2,2,2,1,1,0,2,2,1,2,1,0,2,2,2,2,2,2,1,0,2,0,2,1,2,2,1,2,1,2,0,0,0,0,0,0,1,2,0,1,1,2,1,0,1,2,0,1,2,0,1,2,1,1,2,0,1,0,1,1,2,0,2,0,0,1,0,0,0,2,0,2,2,0,0,0,0,0,2,0,2,0,0,0,1,0,2,0,2,2,0,0,0,0,2,0,0,1,0,2,1,0,0,0,0.53580754515162
0,0,0,0,0,1,2,0,1,0,1,0,2,0,1,1,1,1,0,0,0,1,0,1,1,0,0,0,0,0,0,1,1,1,0,1,1,0,2,1,1,0,1,1,1,1,1,1,1,1,2,0,0,1,0,0,1,0,0,0,0,1,0,0,0,1,2,0,1,1,1,1,2,1,0,0,1,1,0,1,1,2,1,1,1,0,0,2,0,0,2,0,1,0,0,1,1,0,2,0,1,0,0,0,0,1.9379892036263702
1,1,1,2,1,1,1,1,2,2,2,1,0,1,1,2,2,2,1,0,0,1,0,1,1,1,1,1,1,1,1,0,0,0,1,0,0,1,2,1,2,1,1,2,0,2,1,0,2,2,0,1,1,1,1,1,0,2,1,0,1,1,0,1,0,0,1,0,1,1,2,1,1,2,0,0,1,1,0,0,1,1,0,0,0,0,1,1,0,1,2,1,0,0,0,2,1,0,2,0,2,0,0,0,0,1.24241984903794
0,0,0,0,0,0,2,0,1,0,1,0,2,1,1,1,1,1,1,0,0,1,0,1,1,0,0,0,0,1,0,1,1,1,1,1,1,1,1,1,1,0,1,1,1,1,1,0,1,1,1,1,0,1,0,1,1,1,1,0,1,1,0,0,0,1,1,0,1,1,1,1,1,1,0,1,1,1,0,1,1,1,1,1,1,0,1,1,0,0,2,1,1,0,1,2,1,0,2,0,1,0,0,0,0,2.4555815809643
0,0,0,0,0,0,2,0,1,0,1,0,2,1,1,1,1,1,0,0,0,1,0,1,1,1,1,1,0,1,0,1,1,1,0,1,1,1,1,1,1,0,1,1,1,1,1,0,1,1,0,1,1,1,0,1,1,1,1,0,0,1,0,0,0,1,1,0,1,0,1,1,1,2,0,0,0,1,0,1,1,1,1,1,1,0,0,1,0,1,1,1,1,1,0,1,1,0,1,0,1,1,1,0,0,3.9913943250471497
1,1,1,1,1,2,1,1,1,1,1,0,1,1,1,1,1,1,1,0,0,1,0,1,1,1,1,0,1,0,1,1,1,1,1,1,1,1,2,1,0,1,2,0,1,0,1,1,1,2,1,1,1,0,1,1,0,0,0,1,1,2,0,1,0,1,1,0,1,1,2,0,2,1,0,0,0,0,0,2,0,2,0,0,0,0,0,2,0,1,2,0,0,0,0,1,0,0,2,0,2,0,0,0,0,2.5403421456227697
0,0,0,0,0,0,2,0,2,0,2,0,2,0,2,2,2,2,1,0,0,2,0,2,2,0,0,0,0,0,0,0,0,0,0,0,0,2,2,0,0,0,0,0,0,0,0,0,2,0,1,2,0,2,0,0,2,2,2,0,0,0,0,0,0,0,2,0,2,0,0,2,1,2,0,0,2,2,0,0,2,1,2,2,2,0,0,1,0,0,1,0,2,1,0,1,2,0,1,0,0,0,0,0,0,3.0893687395389
1,1,1,1,1,0,1,2,1,1,1,0,0,1,1,1,2,2,1,0,0,1,0,1,1,1,2,1,1,1,1,0,0,0,0,0,0,1,1,0,2,1,1,2,0,2,2,0,2,1,0,1,1,1,1,1,0,2,1,0,0,2,0,1,0,0,1,0,1,0,2,0,1,2,0,0,0,0,0,1,1,0,0,0,0,0,0,1,0,1,0,0,0,0,0,1,1,0,1,0,2,0,0,0,0,0.7324491694463872
2,2,1,2,1,1,0,0,2,2,2,1,1,2,1,2,2,2,2,1,0,1,0,2,1,2,1,1,0,1,0,0,0,0,1,0,0,1,1,0,2,2,2,2,0,2,1,0,2,2,0,1,0,1,1,1,0,2,1,0,0,2,0,1,0,1,1,0,1,2,2,0,1,0,0,0,0,0,0,2,0,1,0,0,0,1,2,2,1,1,2,0,0,0,0,2,0,0,2,0,2,1,0,0,0,0.41603063173177895
1,1,1,1,1,1,1,2,2,1,2,1,0,1,2,2,2,2,1,1,0,2,0,2,2,1,1,1,2,1,2,0,0,0,1,0,0,2,2,0,1,1,1,1,0,2,2,0,2,1,0,2,1,2,0,1,1,2,2,0,0,2,0,1,0,0,1,0,2,0,1,0,1,2,0,0,1,0,0,2,1,1,1,1,1,0,0,1,0,1,1,0,1,1,0,1,1,0,1,0,2,0,0,0,0,1.64711788914162
2,2,2,2,2,2,0,2,2,1,2,2,0,2,2,2,2,2,2,2,0,2,0,2,2,2,2,2,1,2,0,0,0,0,2,0,0,2,2,0,2,2,2,0,0,2,2,0,0,2,0,2,0,1,1,2,0,0,2,0,0,2,0,2,0,1,1,0,2,0,2,0,2,2,0,2,0,0,0,2,0,2,0,0,0,0,2,2,2,2,2,0,0,0,1,2,0,0,2,0,2,0,0,0,0,0.25385774890659
0,0,1,1,0,0,2,0,1,0,1,0,1,1,1,1,1,1,0,0,0,1,0,0,1,0,0,0,0,0,0,1,1,1,0,1,1,1,1,2,0,0,1,0,1,0,1,1,1,2,1,1,0,1,0,1,0,1,1,0,0,2,0,0,0,1,1,0,1,1,2,1,2,1,0,0,1,1,0,1,1,1,0,0,0,0,1,2,0,0,2,0,0,0,0,2,0,0,2,0,2,0,0,0,0,1.7193206300259098
1,1,1,1,1,1,1,1,1,1,1,1,1,1,1,1,1,1,1,1,0,1,0,1,1,1,1,1,1,0,1,1,1,1,1,1,1,1,1,1,0,1,2,0,1,0,2,1,1,2,1,1,1,1,0,1,0,1,0,0,0,2,0,1,0,1,1,0,0,0,2,0,2,2,0,0,0,0,0,2,0,2,0,0,0,0,0,2,0,1,2,0,0,0,0,2,0,1,2,0,2,0,0,0,0,0.958579685063406
2,2,2,2,1,2,0,2,2,2,2,1,0,1,2,2,2,2,2,0,0,2,0,2,1,1,1,1,2,1,0,0,0,0,0,0,0,1,2,0,2,0,2,2,0,2,2,0,2,2,1,1,1,0,1,1,0,2,1,0,0,2,0,1,0,0,1,0,0,0,2,0,2,2,0,2,0,0,0,2,0,1,0,0,0,1,0,2,0,1,2,0,0,0,1,2,0,1,1,0,2,0,0,0,0,0.66121450157604
2,2,2,2,1,2,0,2,2,1,2,1,0,2,2,2,2,2,2,0,1,2,0,2,1,2,2,2,2,1,2,0,0,0,1,0,0,1,2,0,2,1,2,2,0,2,2,0,2,2,0,1,2,1,1,2,0,2,1,2,2,2,0,2,0,0,1,0,1,0,2,0,2,2,0,1,0,0,1,2,0,2,0,0,0,1,0,2,0,2,2,0,0,0,1,2,0,0,1,0,2,0,0,0,0,-0.0306532086496376
1,1,1,1,1,1,1,1,2,1,2,0,1,1,2,2,2,2,1,0,0,2,0,2,1,1,1,1,1,1,0,0,0,0,1,0,0,1,2,0,0,0,1,1,0,2,1,0,2,1,0,2,0,1,1,1,1,1,1,0,0,1,0,1,0,0,1,0,0,0,1,1,1,2,0,0,1,1,0,1,1,0,1,1,1,0,1,1,1,1,1,0,1,1,1,1,1,0,1,0,1,0,0,0,0,1.4320200318705
2,2,2,2,2,2,0,2,2,2,2,2,0,1,2,2,2,2,2,2,0,2,0,2,2,2,2,2,1,2,0,0,0,0,2,0,0,2,2,0,2,2,2,2,0,1,2,0,2,2,0,1,1,2,0,2,0,2,2,0,0,2,0,2,0,1,1,0,2,0,2,0,2,2,0,1,0,0,0,2,0,2,0,0,0,0,1,2,1,2,2,0,0,0,1,2,0,1,2,0,2,1,0,0,0,0.39713907121455894
0,0,0,0,0,0,2,0,1,0,1,0,2,0,1,1,1,1,1,0,0,1,0,1,1,0,0,0,0,1,0,1,1,1,0,1,1,1,1,1,0,0,1,0,1,0,0,1,1,1,1,1,0,1,0,1,1,0,0,0,0,1,1,1,1,1,1,1,0,1,1,1,1,1,0,0,1,1,0,1,1,0,1,1,1,0,0,1,0,1,1,0,1,1,0,1,1,0,1,0,1,2,0,0,0,2.0059992489669196
1,1,1,1,1,1,1,0,1,1,1,0,2,2,1,1,1,1,1,0,0,1,0,1,1,2,2,0,0,1,0,1,0,1,0,1,1,1,1,1,0,0,2,0,1,0,0,1,0,2,0,1,2,0,1,2,0,0,0,0,0,2,0,2,0,2,1,0,0,0,2,0,2,2,0,1,0,0,1,1,0,1,0,0,0,0,0,2,0,2,2,0,0,0,1,2,0,1,2,1,2,1,0,0,0,0.6555815063970739
1,1,1,1,1,1,1,1,1,1,1,0,1,2,1,1,1,1,1,0,0,1,0,1,1,2,2,0,1,0,1,1,0,1,0,1,1,1,1,1,0,0,2,0,1,0,1,1,1,2,0,1,2,1,1,2,0,1,0,1,1,2,0,2,0,1,1,0,0,0,2,0,2,2,0,1,0,0,0,2,0,2,0,0,0,0,0,1,0,2,2,0,0,0,0,2,0,0,1,0,2,0,0,0,0,0.685235509118771
1,1,1,1,1,1,1,1,2,1,2,0,1,1,2,2,2,2,1,0,0,2,0,2,1,1,1,0,1,1,1,0,0,0,0,0,0,1,2,0,1,1,1,1,0,2,1,0,2,1,0,1,1,1,0,1,1,2,1,1,1,1,0,1,0,0,1,0,1,0,1,1,1,2,0,0,1,1,0,1,1,1,1,1,1,0,0,1,0,1,1,0,1,1,1,1,1,0,1,0,1,0,0,0,0,0.907049489622724
1,1,1,1,1,2,0,2,1,1,1,0,0,1,1,2,2,2,1,0,0,2,0,2,1,1,1,0,2,1,1,1,0,0,0,0,0,1,2,0,1,0,1,1,1,0,2,0,2,1,1,1,1,0,1,2,1,2,0,1,1,1,0,2,1,0,1,1,1,0,1,0,2,2,0,1,0,1,1,1,1,2,0,0,0,0,0,2,0,2,2,0,0,0,1,1,0,1,2,1,1,1,0,0,0,0.816288270636309
2,2,2,2,2,2,0,2,2,2,2,2,0,1,2,2,2,2,2,2,0,2,0,2,2,2,2,2,2,2,2,0,0,0,2,0,0,2,2,0,2,2,2,2,0,2,2,0,2,2,0,2,2,2,2,2,0,2,2,1,2,2,0,2,0,0,1,0,2,0,2,0,2,2,0,0,0,0,0,2,0,2,0,0,0,0,0,2,0,2,2,0,0,0,0,2,0,1,2,0,2,0,0,0,0,0.0912849126498305
0,0,0,0,0,0,2,0,0,0,0,0,2,0,0,0,0,0,0,0,0,0,0,0,0,0,0,0,0,0,0,2,2,2,0,2,2,0,0,2,0,0,2,0,2,0,0,2,0,2,2,0,0,0,0,1,0,0,0,0,0,2,1,1,1,2,0,1,0,1,2,0,2,1,0,0,0,0,0,2,0,1,0,0,0,0,0,2,0,1,2,0,0,0,0,2,0,0,2,0,2,1,0,0,0,0.8996685230354721
2,2,2,2,1,2,0,2,2,1,2,1,0,1,2,2,2,2,2,0,0,2,0,2,1,1,1,0,2,1,2,0,0,0,1,0,0,1,2,0,1,1,2,1,0,1,2,0,2,2,0,1,1,2,0,1,0,1,1,1,1,2,0,1,0,0,1,0,1,0,2,0,1,2,0,0,0,0,0,2,0,1,0,0,0,1,0,1,0,1,1,0,0,1,0,1,0,0,1,0,2,1,0,0,0,0.12132542992426099
0,0,0,0,0,0,2,0,1,0,1,0,2,0,1,1,1,1,1,0,0,1,0,1,1,0,0,0,0,0,0,1,1,1,0,1,1,1,1,1,0,0,1,0,1,0,0,1,0,1,1,1,0,1,0,1,1,1,1,0,0,1,1,1,1,1,1,1,1,1,1,1,1,1,0,0,1,1,0,1,1,1,1,1,1,0,0,1,0,1,1,1,1,1,0,1,1,0,1,0,1,1,0,0,0,4.205345725318121
2,2,2,2,2,2,0,2,2,2,2,1,0,2,2,2,2,2,2,1,0,2,0,2,2,2,2,1,2,2,2,0,0,0,2,0,0,2,2,0,2,1,2,2,0,2,2,0,2,2,0,1,1,2,1,2,0,2,2,1,1,2,0,2,0,0,1,0,2,0,2,0,2,2,0,1,0,0,0,2,0,2,0,0,0,0,1,2,1,2,2,0,0,0,0,2,0,1,2,0,2,0,0,0,0,0.47970095725191997
2,2,2,2,2,2,0,2,2,2,2,2,0,1,2,2,2,2,2,2,0,2,0,2,2,2,2,2,1,2,1,0,0,0,2,0,0,2,2,0,2,2,2,1,0,2,2,0,2,2,0,2,1,2,1,2,0,2,2,1,1,2,0,2,0,1,1,0,2,0,2,0,2,2,0,2,0,0,1,2,0,1,0,0,0,0,1,2,1,2,2,0,0,0,2,2,0,0,2,1,1,0,0,0,0,0.464401197180404
1,1,1,1,1,1,1,2,1,1,1,1,0,2,1,1,1,1,1,1,0,1,0,1,1,1,1,1,2,0,1,1,0,1,0,1,1,1,1,1,0,1,2,0,1,0,2,0,1,2,0,1,1,1,1,2,0,0,0,0,0,2,0,1,0,1,1,0,0,0,2,0,2,2,0,0,0,0,0,2,0,2,0,0,0,0,1,2,0,1,2,0,0,0,0,2,0,0,2,0,2,1,0,0,0,1.7812187598902198
1,1,1,1,1,1,1,1,1,1,1,0,1,1,1,1,1,1,1,0,0,1,0,1,1,1,1,0,1,1,1,1,1,1,0,1,1,1,1,1,0,1,2,0,1,0,1,1,1,2,1,0,1,0,1,1,0,0,0,1,1,2,0,1,0,1,1,0,0,1,2,0,2,1,0,0,0,0,0,2,0,2,0,0,0,0,0,1,0,1,2,0,0,0,0,2,0,1,2,0,2,1,1,0,0,0.9903352734858442
2,2,2,2,2,2,0,2,2,1,2,2,0,2,2,2,2,2,2,2,0,2,0,2,2,1,1,1,2,2,2,0,0,0,2,0,0,2,2,0,2,1,2,2,1,2,2,0,2,2,0,2,1,2,1,2,0,2,2,1,1,2,0,1,0,0,2,0,2,0,2,0,2,2,0,1,0,0,0,2,0,2,0,0,0,0,1,2,0,1,2,0,0,0,0,2,0,0,2,0,2,0,0,0,0,0.396744736384102
2,2,2,2,2,2,0,2,2,1,2,2,0,1,2,2,2,2,2,2,0,2,0,2,2,1,1,2,2,1,2,0,0,0,2,0,0,2,2,0,2,2,2,2,0,2,2,0,2,2,1,2,1,2,1,1,0,2,2,2,2,2,0,1,0,0,1,0,2,0,2,0,2,2,0,1,0,0,1,2,0,2,0,0,0,0,0,2,0,1,2,0,0,0,1,2,0,1,2,1,2,0,0,0,0,0.25902499567577997
2,2,2,2,1,2,0,2,2,1,2,1,0,2,2,2,2,2,2,0,0,2,0,2,1,2,2,2,2,1,2,0,0,0,1,0,0,1,2,0,2,0,2,2,0,1,2,0,2,2,0,1,1,1,1,2,0,2,0,1,2,2,0,2,0,0,1,0,0,0,2,0,2,2,0,1,0,0,0,2,0,2,0,0,0,1,1,2,1,2,2,0,0,0,0,2,0,0,2,0,2,0,0,0,0,-0.454613633275413
2,1,1,1,1,2,0,0,2,1,2,1,2,2,2,2,2,2,1,1,0,2,0,2,2,2,2,1,0,0,0,0,0,0,1,0,0,2,2,0,0,0,2,1,0,1,0,0,2,1,0,2,2,2,1,2,1,0,0,0,0,1,0,2,0,1,1,0,2,0,1,1,2,2,0,1,0,1,0,1,1,2,1,1,1,0,0,2,0,2,2,0,1,0,0,2,1,0,2,0,1,0,0,0,0,0.0389447964690735
0,0,0,0,0,1,1,0,1,0,1,0,1,0,1,2,2,2,1,0,0,2,0,2,1,0,1,0,0,1,0,1,0,0,0,0,0,1,1,0,1,0,0,1,1,0,1,0,2,0,2,0,0,1,0,2,2,2,0,0,0,0,0,2,1,0,1,1,2,0,0,1,2,2,0,0,1,2,0,0,2,2,1,1,1,0,0,2,0,2,2,0,1,0,0,1,1,0,2,0,0,1,0,0,0,1.56680397074729
1,1,1,1,1,1,1,1,1,1,1,0,1,1,1,1,1,1,1,0,0,1,0,1,1,1,1,0,1,1,1,1,0,1,0,1,1,1,1,1,0,0,2,0,1,0,1,1,1,2,1,1,1,1,1,1,0,0,0,0,0,2,0,1,0,1,1,0,0,0,2,0,2,2,0,0,0,0,0,2,0,1,0,0,0,0,0,2,0,1,2,0,0,0,0,2,0,0,2,0,2,1,0,0,0,1.12854123053268
1,1,1,1,1,1,1,1,1,0,1,1,1,1,1,1,1,1,1,1,0,1,0,1,1,1,1,0,0,1,0,1,1,1,1,1,1,1,1,1,0,0,2,0,1,0,1,1,1,2,1,1,0,0,1,1,0,1,1,0,0,2,0,1,0,2,1,0,0,1,2,0,2,1,0,1,0,0,0,2,0,2,0,0,0,0,1,2,1,1,2,0,0,0,1,2,0,0,2,0,2,0,0,0,0,0.8914049764135631
1,1,1,1,1,0,1,2,1,1,1,1,0,1,1,1,1,1,1,1,0,1,0,1,1,2,2,0,2,0,1,1,0,1,0,1,1,1,1,1,0,1,2,0,1,0,2,0,0,2,0,1,2,0,1,2,0,0,0,0,0,2,0,2,0,1,1,0,0,0,2,0,2,2,0,0,0,0,0,2,0,1,0,0,0,0,0,2,0,2,2,0,0,0,0,2,0,0,2,0,2,0,0,0,0,0.7777094766498721
1,1,1,1,1,1,1,1,1,1,1,1,1,1,1,1,1,1,1,1,0,1,0,1,1,1,1,1,1,0,1,1,1,1,1,1,1,1,1,1,0,1,2,0,1,0,1,1,1,2,0,1,1,0,1,1,0,0,0,0,1,2,0,1,0,1,1,0,0,0,2,0,1,2,0,0,0,0,0,2,0,1,0,0,0,0,0,1,0,1,0,0,0,1,0,1,0,0,1,0,2,0,0,0,0,1.5815920856521202
2,1,1,1,1,1,1,1,2,0,2,1,1,1,2,2,2,2,1,1,0,2,0,2,2,1,1,0,0,1,0,0,0,0,1,0,0,2,2,0,2,1,1,1,0,1,1,0,2,1,0,2,0,2,1,1,1,0,2,0,0,1,0,1,0,1,2,0,2,0,2,1,1,2,0,1,0,1,0,1,1,1,1,1,1,0,1,1,1,1,1,0,1,1,0,0,1,0,1,0,1,1,0,0,0,0.777385826651562
2,2,2,2,2,2,0,1,2,0,2,2,0,2,2,2,2,2,2,2,0,2,0,2,2,1,1,2,1,2,1,0,0,0,2,0,0,2,2,0,2,1,2,0,0,2,1,0,2,2,0,2,1,2,1,2,0,2,2,0,0,1,0,1,0,0,1,0,2,0,2,0,2,2,0,0,0,1,0,1,0,2,0,0,0,0,1,2,0,1,2,0,0,0,0,2,0,0,1,0,1,1,0,0,0,-0.0557915721415623
0,0,2,2,0,0,2,0,2,0,2,0,0,2,2,2,2,2,0,0,0,2,0,1,2,0,0,0,0,0,0,0,0,0,0,0,0,2,2,2,1,0,0,1,0,2,1,0,2,2,0,2,0,2,0,2,0,1,2,0,0,2,0,0,0,0,1,0,2,0,2,2,2,2,0,1,2,2,1,0,2,1,0,0,0,0,2,2,0,0,2,0,0,0,1,2,0,0,2,1,2,0,0,0,0,2.5874279395964797
2,2,2,2,2,2,0,2,2,2,2,2,0,2,2,2,2,2,2,2,0,2,0,2,2,2,2,2,2,2,2,0,0,0,2,0,0,2,2,0,2,2,2,2,0,2,2,0,2,2,0,2,1,2,1,2,0,2,2,2,1,2,0,2,0,0,1,0,2,0,2,0,2,2,0,0,0,0,0,2,0,2,0,0,0,0,1,2,1,2,2,0,0,0,0,2,0,0,1,0,2,0,0,0,0,-0.141739733637655
0,0,0,0,0,0,1,0,0,0,0,0,1,0,0,0,0,0,1,0,0,0,0,0,0,0,0,0,0,0,0,1,1,1,0,1,1,0,0,1,0,0,1,0,1,0,1,1,0,1,1,1,0,0,0,0,1,0,0,0,0,1,0,0,0,1,0,0,1,1,2,0,1,0,0,0,0,0,0,1,0,1,0,0,0,0,0,1,0,0,1,0,0,0,0,1,0,0,1,0,1,1,0,0,1,1.5463248574915298
0,0,0,0,0,1,1,0,0,0,0,0,1,2,0,1,1,1,1,0,0,1,0,1,0,2,2,0,0,0,0,2,0,1,0,1,1,0,1,1,0,0,1,0,2,0,1,1,0,1,0,1,2,0,0,2,1,0,0,0,0,1,0,2,0,1,0,0,1,0,1,0,2,2,0,0,0,1,0,1,1,2,0,0,0,0,0,2,0,2,2,0,0,0,0,2,0,1,2,0,1,1,0,0,0,2.0151794216253998
1,1,1,1,1,1,1,1,1,1,1,1,1,1,1,1,1,1,1,0,0,1,0,1,1,1,1,0,2,0,0,1,0,1,0,1,1,1,1,1,0,0,2,0,1,0,1,1,1,2,1,1,1,1,0,1,0,0,0,0,0,2,0,1,0,1,1,0,0,0,2,0,2,2,0,0,0,0,0,2,0,2,0,0,0,0,0,2,0,1,2,0,0,0,0,2,0,0,2,0,1,0,0,0,0,0.569744004304005
1,0,1,1,0,1,1,0,2,0,2,0,1,1,1,2,2,2,1,0,0,2,0,2,1,1,1,1,0,1,0,0,0,0,0,0,0,1,2,0,2,0,1,2,0,2,1,0,2,1,0,1,0,1,0,1,1,2,1,0,0,1,0,1,0,0,1,0,1,0,2,2,1,2,0,0,1,2,0,0,2,1,1,1,1,0,1,1,1,1,1,0,1,1,0,1,1,0,1,0,1,0,0,0,0,0.7356737576046379
2,2,1,2,1,1,0,2,2,2,1,1,0,1,1,2,2,2,2,1,0,1,0,2,1,1,1,2,2,1,2,0,0,0,1,0,0,1,1,0,2,1,2,2,0,2,2,0,2,2,0,1,1,1,0,1,0,2,1,2,2,2,0,1,0,0,1,0,1,0,2,0,1,2,0,1,0,0,1,1,0,1,0,0,0,1,0,1,0,1,1,0,0,1,1,1,1,0,1,1,1,1,0,0,0,0.672499315333949
1,1,1,1,1,1,1,1,1,1,1,1,1,1,1,1,1,1,1,1,0,1,0,1,1,1,1,1,1,1,1,1,1,1,1,1,1,1,1,1,0,0,2,0,1,0,1,1,1,2,1,1,1,1,1,1,0,1,1,1,1,2,0,1,0,1,0,0,1,1,2,0,2,1,0,1,0,0,0,2,0,2,0,0,0,0,0,2,0,1,2,0,0,0,0,2,0,0,2,0,2,0,0,0,0,3.12676511697317
0,0,0,0,0,0,2,0,1,0,1,1,2,1,1,1,1,1,1,1,0,1,0,1,1,0,0,1,0,1,0,1,1,1,1,1,1,1,1,1,1,1,1,1,1,1,1,1,1,1,2,1,0,1,0,1,1,1,1,0,0,1,2,2,1,1,0,1,1,0,1,1,1,2,0,1,1,1,0,1,1,0,1,1,1,0,0,2,0,1,2,0,1,0,1,2,1,0,2,0,1,1,0,0,0,1.4806899031941398
1,1,1,1,1,1,1,1,2,1,2,1,1,2,2,2,2,2,1,0,0,2,0,2,2,2,2,0,1,1,1,0,0,0,0,0,0,1,2,0,2,0,1,2,0,1,1,0,2,1,0,2,1,2,1,2,1,2,1,0,0,1,0,2,0,0,1,0,2,0,1,1,2,2,0,0,1,1,0,1,1,2,1,1,1,0,1,2,1,2,2,0,1,0,0,2,1,0,2,0,1,0,0,0,0,0.9399223484746891
1,1,0,1,1,0,1,1,1,1,0,1,1,2,1,1,1,1,1,1,0,1,0,1,1,2,2,1,1,1,1,1,0,1,1,1,1,1,0,1,1,1,2,1,1,1,1,1,1,2,0,0,2,1,1,2,0,1,1,0,0,2,0,1,0,1,0,0,1,0,2,0,1,2,0,0,0,0,0,1,0,1,0,0,0,0,0,2,0,1,2,0,0,0,0,2,1,0,1,0,1,0,0,0,0,0.7639814820672121
1,1,2,2,1,1,1,1,2,1,2,0,0,2,2,2,2,2,1,0,0,2,0,1,2,1,1,0,1,1,0,0,0,0,1,0,0,2,2,1,2,0,1,2,0,2,2,0,2,2,0,1,1,2,1,2,0,2,2,1,1,2,0,1,0,0,1,0,2,0,2,1,2,2,0,0,1,1,0,1,1,1,0,0,0,0,1,2,0,1,2,0,0,0,0,2,0,0,2,0,2,0,0,0,0,1.1058131098327701
1,1,1,1,1,1,1,1,1,1,1,1,1,2,1,1,1,1,1,1,0,1,0,1,1,2,2,1,1,1,1,1,0,1,0,1,1,0,1,1,0,1,2,0,1,0,2,1,1,2,0,1,2,0,1,2,0,0,1,1,1,2,0,2,0,1,1,0,0,0,2,0,2,2,0,1,0,0,1,2,0,1,0,0,0,0,0,2,0,2,2,0,0,0,1,2,0,0,2,1,2,0,0,0,0,1.65253032277773
1,1,1,1,1,1,1,1,1,1,1,1,1,1,1,1,1,1,1,0,0,1,0,1,1,1,1,0,1,1,0,1,1,1,1,1,1,1,1,1,0,1,2,0,1,0,1,1,0,2,0,1,1,1,1,1,0,0,1,0,0,2,0,1,0,1,1,0,0,0,2,0,1,2,0,0,0,0,0,2,0,1,0,0,0,0,0,1,0,1,1,0,0,1,0,1,0,0,1,0,1,0,0,0,0,0.833213873289157
0,0,0,0,0,1,1,1,0,0,0,0,1,0,0,1,1,1,0,0,0,1,0,1,0,0,0,0,1,0,0,2,1,1,0,1,1,0,1,1,0,0,1,0,2,0,1,1,1,1,1,1,0,0,0,1,1,1,1,0,0,1,0,1,1,1,0,1,1,0,1,0,1,2,0,0,0,1,0,1,1,1,0,0,0,0,0,1,0,1,1,0,0,1,0,1,0,0,0,0,1,1,0,0,0,3.69530895102956
1,1,1,1,1,1,1,1,2,1,2,1,1,1,2,2,2,2,1,0,0,2,0,2,2,1,1,1,1,1,1,0,0,0,1,0,0,2,2,0,1,1,1,1,0,2,1,0,2,1,0,2,1,2,1,1,1,2,2,1,1,1,0,1,0,0,2,0,2,0,1,1,1,2,0,0,1,1,0,1,1,1,1,1,1,0,0,1,0,1,1,0,1,1,0,1,1,1,1,0,1,0,0,0,0,1.01717598644984
2,2,2,2,1,2,0,2,2,1,2,1,0,2,2,2,2,2,2,0,0,2,0,2,1,2,2,2,2,1,2,0,0,0,1,0,0,1,2,0,2,1,2,2,0,2,2,0,2,2,0,1,2,2,1,2,0,2,1,1,1,2,0,2,0,0,1,0,1,0,2,0,2,2,0,1,0,0,1,2,0,2,0,0,0,1,0,2,0,2,2,0,0,0,1,2,0,1,2,1,2,0,0,0,0,0.28432277504742404
2,2,2,2,2,2,0,2,2,1,2,2,0,2,2,2,2,2,2,2,0,2,0,2,2,1,1,2,2,2,1,0,0,0,2,0,0,2,2,0,2,2,2,1,0,2,2,0,2,2,0,2,1,2,1,2,0,2,2,0,0,2,0,1,0,0,1,0,2,0,2,0,2,2,0,0,0,0,0,2,0,2,0,0,0,0,1,2,0,1,2,0,0,0,1,2,0,0,2,0,2,1,0,0,0,0.6440028885900501
1,1,1,1,1,1,1,1,1,1,1,1,1,2,1,1,1,1,1,0,0,1,0,1,1,1,1,0,1,0,0,1,0,1,0,1,1,1,1,1,0,1,2,0,1,0,2,1,0,2,0,1,1,1,0,2,0,0,0,0,0,2,0,1,0,2,1,0,1,0,2,0,2,2,0,0,0,0,0,2,0,2,0,0,0,0,1,2,0,1,2,0,0,0,0,2,0,0,2,0,2,2,0,0,0,1.18270308481915
1,1,1,1,1,1,1,1,1,1,1,1,1,1,1,1,1,1,1,0,0,1,0,1,1,1,1,0,1,1,1,1,1,1,1,1,1,1,1,1,0,0,2,0,1,0,1,1,0,2,1,1,1,1,0,2,0,0,1,0,0,2,1,2,1,1,1,1,1,2,2,0,2,0,0,0,0,0,0,2,0,1,0,0,0,0,0,2,0,2,2,0,0,0,0,2,0,0,2,0,2,0,1,0,0,1.10444053967524
0,0,0,0,0,0,2,0,1,0,1,1,2,0,1,1,1,1,1,0,0,1,0,1,1,0,0,0,0,0,0,1,1,1,0,1,1,1,1,1,0,0,1,0,1,0,0,1,0,1,1,1,0,1,0,1,1,0,0,0,0,1,1,1,1,1,1,1,1,0,1,1,1,2,0,1,1,1,0,1,1,0,1,1,1,0,0,1,0,1,1,0,1,1,0,1,1,0,1,0,1,0,0,0,0,1.8861351104353201
1,1,1,1,1,1,1,1,1,0,1,1,1,1,1,1,1,1,1,1,0,1,0,1,1,1,1,1,1,1,1,1,1,1,0,1,1,1,1,1,0,0,2,0,1,0,1,1,1,2,1,1,0,0,1,1,0,0,1,0,0,2,0,1,0,1,1,0,0,1,2,0,2,1,0,0,0,0,0,2,0,2,0,0,0,0,1,2,1,1,2,0,0,0,0,2,0,0,2,0,2,0,0,0,0,0.838469855318925
0,0,0,0,0,0,2,0,1,0,1,1,2,0,1,1,1,1,0,0,0,1,0,1,1,0,0,0,0,0,0,0,1,1,1,1,1,1,1,0,1,2,1,1,1,1,1,1,1,1,1,0,0,1,0,1,1,1,1,0,1,1,1,0,1,1,0,0,1,1,1,1,1,1,0,0,1,1,0,1,1,1,1,1,1,0,0,1,0,1,1,1,1,1,0,1,1,0,1,0,1,1,1,0,0,3.7536733166138196
0,0,0,0,0,0,2,0,0,0,0,0,2,1,0,0,0,0,1,0,0,0,0,0,0,1,1,0,0,0,0,2,1,2,0,2,2,0,0,2,0,0,2,0,2,0,1,2,0,2,1,0,1,0,0,1,0,0,0,0,0,2,0,1,0,2,0,0,0,2,2,0,2,0,0,0,0,0,0,2,0,2,0,0,0,0,0,2,0,1,2,0,0,0,0,2,0,0,2,0,2,0,0,0,0,1.3986177607162198
1,1,2,1,1,2,0,1,2,1,2,1,1,1,2,2,2,2,1,1,0,2,0,2,2,1,1,0,1,1,1,0,0,0,1,0,0,1,2,0,2,1,2,1,1,2,1,0,2,2,1,2,1,2,0,1,0,2,2,1,1,2,0,0,0,1,2,0,2,1,2,0,2,1,0,0,0,0,0,2,1,1,0,0,0,0,0,2,0,1,2,0,0,0,0,2,0,0,2,0,2,1,0,0,0,1.2515708457038501
2,2,2,2,2,2,0,2,2,2,2,2,0,2,2,2,2,2,2,2,0,2,0,2,2,2,2,2,2,2,2,0,0,0,2,0,0,2,2,0,2,1,2,2,0,2,2,0,2,2,0,1,2,2,1,2,0,2,2,2,2,2,0,2,0,0,1,0,2,0,2,0,2,2,0,0,0,0,0,2,0,2,0,0,0,0,0,2,0,2,2,0,0,0,0,2,0,1,2,0,2,1,0,0,0,0.42154241489465205
2,2,2,2,2,2,0,2,2,2,2,2,0,2,2,2,2,2,2,2,0,2,0,2,2,2,2,2,2,2,2,0,0,0,2,0,0,2,2,0,2,2,2,2,0,2,2,0,2,2,0,2,2,2,0,2,0,2,2,2,2,2,0,2,0,0,1,0,2,0,2,0,2,2,0,0,0,0,0,2,0,2,0,0,0,0,0,2,0,1,2,0,0,0,1,2,0,1,2,0,2,0,0,0,0,0.13786153686629998
1,1,1,1,1,1,1,1,2,0,2,1,1,1,2,2,2,2,1,1,0,2,0,2,2,1,1,1,1,1,1,0,0,0,1,0,0,2,2,0,1,1,1,1,0,2,1,0,2,1,0,2,1,2,1,1,1,1,2,1,1,1,0,1,0,0,1,0,2,1,1,1,1,1,0,1,1,1,0,1,1,1,1,1,1,0,0,1,0,1,1,0,1,1,0,1,1,0,1,0,1,0,0,0,0,0.577940574441277
1,1,1,1,1,1,1,1,1,1,1,1,1,1,1,1,1,1,1,0,0,1,0,1,1,1,1,1,1,0,0,1,1,1,1,1,1,1,1,1,0,1,2,0,1,0,1,1,0,2,1,1,0,1,1,2,0,0,0,0,0,2,1,2,1,2,1,1,0,1,2,0,2,1,0,0,0,0,0,2,0,1,0,0,0,0,1,2,1,2,2,0,0,0,0,2,0,1,2,0,2,1,0,0,0,0.741308404574657
0,0,0,0,0,0,2,0,1,0,1,0,2,1,1,1,1,1,0,0,0,1,0,1,1,1,1,0,0,0,0,1,0,1,0,1,1,1,1,1,0,0,1,0,1,0,1,1,1,1,1,1,1,1,0,1,1,1,1,0,0,1,0,1,0,1,1,0,1,0,1,1,2,2,0,0,1,1,0,1,1,2,1,1,1,1,0,2,0,1,2,0,1,0,0,2,1,0,2,0,1,1,0,0,0,1.92818899974013
1,1,1,1,1,1,1,1,2,1,2,1,1,1,2,2,2,2,1,1,0,2,0,2,2,0,0,0,1,1,1,0,0,0,1,0,0,2,2,0,1,0,1,0,0,0,1,0,1,1,0,2,0,2,0,1,1,1,2,0,0,1,0,0,0,0,1,0,2,0,1,1,1,2,0,0,1,1,0,1,1,1,1,1,1,0,1,1,0,0,1,0,1,1,0,1,1,0,1,0,1,1,0,0,0,0.00700933139809679
1,1,1,1,1,2,0,2,1,1,1,0,0,1,1,2,2,2,1,0,0,2,0,2,1,1,1,0,2,1,1,1,0,0,1,0,0,1,2,0,2,0,1,1,1,1,2,0,2,1,1,1,1,1,0,2,1,1,1,1,1,1,0,2,1,0,1,1,1,0,1,0,2,2,0,1,0,1,1,1,1,1,0,0,0,0,0,2,0,2,2,0,0,0,1,2,0,1,2,1,1,0,0,0,0,1.2172985156148899
1,1,2,2,1,2,1,1,1,1,1,0,0,1,1,2,2,2,1,0,0,2,0,2,1,1,1,0,1,1,1,0,0,0,1,0,0,1,2,0,0,0,1,1,0,2,1,0,2,1,0,1,1,0,1,1,0,2,2,1,1,2,0,2,0,0,1,0,2,0,2,0,1,2,0,2,0,0,1,1,1,1,0,0,0,0,0,1,0,1,1,0,0,0,1,1,0,1,1,1,2,0,0,0,0,1.04993214284317
0,0,0,0,0,0,2,0,1,0,1,0,2,1,1,1,1,1,0,0,0,1,0,1,1,1,1,0,0,0,0,1,0,1,0,1,1,1,1,1,0,0,1,0,1,0,0,1,1,1,0,1,1,1,0,1,1,1,0,0,0,1,0,1,0,1,1,0,0,0,1,1,1,2,0,1,1,1,0,1,1,0,1,1,1,0,0,1,0,1,1,0,1,1,0,1,1,0,1,0,1,0,0,0,0,3.2943613277109702
2,2,2,2,1,2,0,1,2,1,2,1,0,2,2,2,2,2,2,0,0,2,0,2,1,2,2,2,1,1,1,0,0,0,1,0,0,1,2,0,2,1,2,2,0,2,1,0,2,2,0,1,2,1,1,2,0,2,1,0,0,1,0,2,0,0,1,0,1,0,2,0,2,2,0,0,0,1,0,0,0,2,0,0,0,1,0,2,0,2,2,0,0,0,0,2,0,1,1,0,1,0,0,0,0,0.37042657268055795
0,0,0,0,0,0,2,1,2,0,2,0,1,0,2,2,2,2,0,0,0,2,0,2,2,0,0,0,1,0,1,0,0,0,0,0,0,2,2,0,2,0,0,2,0,2,1,0,2,0,0,2,0,2,0,0,2,2,2,0,0,0,0,0,0,0,2,0,2,0,1,1,0,2,0,0,2,1,0,1,2,1,2,2,2,0,0,0,0,0,0,0,2,2,0,0,2,0,0,0,1,0,0,0,0,1.44940930303285
1,1,1,1,1,1,1,1,2,1,2,0,1,1,2,2,2,2,1,0,0,2,0,2,1,1,1,0,0,1,0,0,0,0,0,0,0,1,2,0,0,0,1,0,0,2,1,0,2,1,0,1,0,2,1,1,1,2,1,0,0,1,0,1,0,1,1,0,1,0,1,1,1,2,0,1,1,1,0,1,1,1,1,1,1,0,1,1,1,1,1,0,1,1,1,1,1,0,1,0,1,1,0,0,0,1.1460019616714199
0,0,0,0,0,0,2,0,0,0,0,0,2,1,0,0,0,0,0,0,0,0,0,0,0,1,1,0,0,0,0,2,1,2,0,2,2,0,0,2,0,0,2,0,2,0,0,2,0,2,1,0,1,0,0,2,0,0,0,0,0,2,1,2,1,2,0,1,0,1,2,0,2,1,0,0,0,0,0,2,0,1,0,0,0,0,0,2,0,2,2,0,0,0,1,2,0,0,2,0,2,1,1,0,0,2.04916267663845
1,1,1,1,1,2,0,2,1,1,1,1,0,1,1,2,2,2,1,0,0,2,0,2,1,1,1,0,2,1,1,1,0,0,1,0,0,1,2,0,2,0,1,2,1,1,2,0,2,1,1,2,1,1,1,2,1,2,2,0,1,1,0,2,1,0,1,1,2,0,2,0,2,2,0,0,0,1,0,1,1,2,0,0,0,0,0,2,0,2,2,0,0,0,1,2,0,0,2,0,1,1,0,0,0,2.5589663182801603
1,1,1,1,1,1,1,1,1,1,1,0,1,1,1,1,1,1,1,0,0,1,0,1,1,1,1,1,2,1,1,1,0,1,0,1,1,1,1,1,0,0,2,0,1,0,1,1,0,2,1,1,1,0,0,1,0,0,1,0,1,2,0,1,0,1,2,0,0,0,2,0,2,2,0,0,0,0,0,2,0,1,0,0,0,0,0,2,0,1,2,0,0,0,0,2,0,0,2,0,2,0,0,0,0,1.53132639452245
2,2,2,2,2,2,0,2,2,1,2,2,0,2,2,2,2,2,2,2,0,2,0,2,2,2,2,2,1,2,1,0,0,0,2,0,0,2,2,0,2,2,2,1,0,1,2,0,1,2,0,1,1,2,0,2,0,1,2,0,1,2,0,2,0,1,1,0,2,0,2,0,2,2,0,1,1,0,1,2,0,2,0,0,0,0,1,2,1,2,2,0,0,0,1,2,0,1,2,1,2,0,0,0,0,-0.0348733934173331
1,1,1,1,1,1,2,1,1,1,1,0,1,1,1,1,1,1,1,0,0,1,0,0,1,1,1,0,1,1,0,1,1,1,0,1,2,1,1,1,0,0,2,0,1,0,2,1,1,2,1,1,0,0,1,2,0,0,1,0,0,2,1,2,1,1,1,1,0,1,2,0,2,1,0,0,0,0,0,2,0,2,0,0,0,0,1,2,1,2,2,0,0,0,0,2,0,0,2,0,2,1,0,0,0,2.1387193758149903
1,1,1,1,1,1,1,1,1,1,1,1,1,1,1,1,1,1,2,0,0,1,0,1,1,1,1,1,2,1,0,1,0,1,1,1,1,1,1,1,0,1,2,0,1,0,0,1,0,2,1,1,1,1,1,1,0,0,1,1,1,2,0,1,0,1,1,0,0,0,2,0,2,2,0,0,0,0,1,2,0,2,0,0,0,0,0,2,0,1,2,0,0,0,0,2,0,0,2,0,2,0,0,0,0,0.8436930307372591
1,1,1,1,1,1,1,1,2,1,2,1,1,1,2,2,2,2,1,0,0,2,0,2,2,1,1,0,1,1,1,0,0,0,1,0,0,2,2,0,1,0,1,0,0,2,1,0,2,1,0,2,1,2,1,1,1,2,2,0,1,1,0,1,0,0,2,0,2,0,1,1,1,2,0,0,1,1,0,1,1,1,1,1,1,0,0,1,0,1,0,0,1,1,1,1,1,0,1,0,1,0,0,0,0,1.26424418379501
2,1,1,1,1,1,1,1,2,1,2,0,1,0,2,2,2,2,1,0,0,2,0,2,2,0,0,1,1,1,1,0,0,0,1,0,0,2,2,0,2,1,1,2,0,1,1,0,2,1,1,2,0,2,0,0,1,1,2,1,1,1,0,0,0,0,2,0,2,0,2,1,1,2,0,0,0,1,0,1,1,1,1,1,1,0,0,1,0,0,1,0,1,1,0,1,1,1,1,0,1,1,0,0,0,1.1515251269360902
1,1,1,1,1,1,1,1,1,1,1,1,1,1,1,1,1,1,1,1,0,1,0,1,1,1,1,1,1,1,1,1,0,1,1,1,1,1,1,1,0,0,2,0,1,0,2,1,1,2,1,1,1,0,1,1,0,0,1,1,0,2,0,1,0,1,1,0,1,0,2,0,2,2,0,1,0,0,1,2,0,2,0,0,0,0,0,2,0,1,2,0,0,0,1,2,0,0,2,1,2,0,0,0,0,0.744884117870346
2,2,2,2,2,2,0,2,2,1,2,2,0,2,2,2,2,2,2,2,0,2,0,2,2,2,2,2,2,1,2,0,0,0,2,0,0,2,2,0,2,2,2,2,0,2,2,0,2,2,0,2,1,2,1,2,0,2,2,1,1,2,0,2,0,0,1,0,2,0,2,0,2,2,0,0,0,0,0,2,0,2,0,0,0,0,1,2,1,2,2,0,0,0,0,2,0,0,2,0,2,0,0,0,0,0.20212617196277696
2,2,2,2,2,2,0,2,2,2,2,2,0,1,2,2,2,2,2,2,0,2,0,2,2,1,1,2,2,1,1,0,0,0,2,0,0,2,2,0,2,1,2,0,0,1,2,0,1,2,0,2,0,2,1,2,0,1,2,0,0,2,0,1,0,0,1,0,2,0,2,0,2,2,0,1,0,0,0,2,0,2,0,0,0,0,2,2,1,1,2,0,0,0,0,2,0,0,2,0,2,1,0,0,0,0.420706439425373
1,1,1,1,1,1,1,1,1,0,1,1,1,1,1,1,1,1,1,0,0,1,0,1,1,0,0,1,2,1,1,1,0,1,0,1,1,1,1,1,0,0,2,0,1,0,2,1,0,2,1,1,0,0,1,1,0,0,1,0,0,2,0,0,0,1,1,0,0,0,2,0,2,2,0,1,0,0,0,2,0,2,0,0,0,0,1,2,0,0,2,0,0,0,0,2,0,0,2,0,2,0,0,0,0,1.07111212863719
2,2,2,2,2,2,0,2,2,2,2,2,0,1,2,2,2,2,2,2,0,2,0,2,2,0,0,2,2,2,2,0,0,0,2,0,0,2,2,0,2,2,2,0,0,1,2,0,2,2,0,2,0,2,0,2,0,2,2,0,0,2,0,0,0,0,2,0,2,0,2,0,2,2,0,0,0,0,1,2,0,2,0,0,0,0,2,2,0,0,2,0,0,0,1,2,0,0,2,1,2,1,0,0,0,-0.0402336791431421
2,2,2,2,2,2,0,2,2,2,2,2,0,2,2,2,2,2,2,1,0,2,0,2,2,2,2,2,1,2,1,0,0,0,2,0,0,2,2,0,2,2,2,1,0,2,2,0,2,2,0,2,0,2,1,2,0,2,2,0,0,2,0,2,0,1,1,0,2,0,2,0,2,2,0,1,0,0,0,2,0,2,0,0,0,0,2,2,2,2,2,0,0,0,1,1,0,0,2,0,2,0,0,0,0,1.16902548242008
1,1,1,1,1,1,1,0,1,1,1,0,2,2,1,1,1,1,0,1,0,1,0,1,1,2,2,0,0,1,1,1,1,1,1,1,1,1,1,1,0,0,2,0,1,0,1,2,1,2,0,1,2,0,1,2,0,1,1,0,0,2,0,2,0,1,1,0,0,1,2,0,2,1,0,0,0,0,0,2,0,2,0,0,0,0,0,2,0,2,2,0,0,0,0,2,0,1,2,0,2,0,0,0,0,0.499884342504495
0,0,0,0,0,0,2,0,0,0,0,0,2,0,0,0,0,0,1,0,0,0,0,1,0,0,0,0,0,0,0,2,2,2,0,2,2,0,0,2,0,0,2,0,2,0,1,2,0,2,2,0,0,0,0,0,0,0,0,0,0,2,0,0,0,2,0,0,0,2,2,0,2,0,0,0,0,0,0,2,0,2,0,0,0,0,0,2,0,0,2,0,0,0,0,2,0,0,2,0,2,0,0,0,1,1.37210344777876
1,1,1,1,1,1,1,2,2,1,2,0,0,1,2,2,2,2,1,0,0,2,0,2,2,1,1,1,2,1,2,0,0,0,1,0,0,2,2,0,2,1,1,2,0,2,2,0,2,1,0,1,1,2,1,1,0,2,2,1,1,2,0,1,0,0,2,0,2,0,1,0,1,2,0,2,2,0,0,2,1,1,1,1,1,0,0,1,0,1,1,0,1,1,1,1,1,0,1,0,2,0,0,0,0,1.53798420110769
0,0,0,0,0,0,2,0,1,0,0,0,2,0,1,1,1,1,0,0,0,1,0,1,1,0,0,0,0,0,0,1,1,1,0,1,1,0,1,1,0,0,1,0,1,0,1,1,1,1,1,1,0,1,0,1,1,1,0,0,0,1,1,1,1,1,1,1,1,1,1,1,1,1,0,0,1,1,0,1,1,1,1,1,1,0,0,1,0,1,1,0,1,1,0,1,1,0,1,0,1,2,1,0,0,2.61589191145397
1,1,1,1,1,2,0,2,1,1,1,1,0,1,1,2,2,2,1,0,0,2,0,2,1,1,1,1,2,1,0,1,0,0,1,0,0,1,2,0,1,1,1,1,1,0,2,0,2,1,1,1,1,0,1,2,1,2,2,0,0,1,0,2,1,0,0,1,2,0,2,0,2,2,0,0,1,1,0,1,1,2,0,0,0,0,0,2,0,2,2,0,0,0,0,2,0,0,2,0,1,2,0,0,0,0.92868050795064
1,1,1,1,1,1,1,1,2,1,2,1,1,1,2,2,2,2,1,1,0,2,0,2,2,1,1,1,1,1,1,0,0,0,1,0,0,2,2,0,1,1,1,1,0,1,1,0,2,1,0,2,1,1,1,1,1,1,2,0,1,1,0,1,0,0,1,0,1,0,2,1,1,2,0,0,1,1,0,1,1,1,1,1,1,0,0,1,0,1,0,0,1,1,0,1,1,0,1,0,1,0,0,0,0,0.45653592324334596
0,0,0,0,0,0,2,0,0,0,0,0,2,0,0,0,0,0,1,0,0,0,0,0,0,0,0,0,0,0,0,2,2,2,0,2,2,0,0,2,0,0,2,0,2,0,1,2,0,2,1,0,0,0,0,0,0,0,0,0,0,2,0,0,0,2,0,0,0,1,2,0,1,1,0,0,0,0,0,2,0,0,0,0,0,0,0,0,0,0,1,0,0,1,0,1,0,0,1,0,2,1,1,0,0,1.89290469218388
2,2,2,2,2,2,0,2,2,1,2,2,0,2,2,2,2,2,2,2,0,2,0,2,2,2,2,2,1,1,1,0,0,0,2,0,0,2,2,0,1,1,2,2,0,1,2,0,2,2,0,2,1,2,1,2,0,2,2,1,1,2,0,2,0,1,1,0,2,0,2,0,2,2,0,1,0,0,1,2,0,2,0,0,0,0,1,1,1,2,2,0,0,0,1,2,0,0,2,1,2,0,0,0,0,0.18122847218460802
2,2,2,2,2,2,0,2,2,1,2,2,0,2,2,2,2,2,2,2,0,2,0,1,2,2,2,2,2,2,1,0,0,0,2,0,0,2,2,0,2,2,2,1,0,1,2,0,2,2,0,2,1,2,1,2,0,1,2,1,0,2,0,2,0,0,1,0,2,0,2,0,2,2,0,0,0,0,0,2,0,2,0,0,0,0,1,2,1,1,2,0,0,0,0,2,0,1,2,0,2,0,0,0,0,0.11754748073619699
0,0,0,0,0,0,2,0,0,0,0,0,2,1,0,0,0,0,1,0,0,0,0,0,0,1,1,0,0,0,0,2,1,2,0,2,2,0,0,2,0,0,2,0,2,0,0,2,0,2,0,0,1,0,0,1,0,0,0,0,0,2,0,1,0,2,0,0,0,0,2,0,1,2,0,0,0,0,0,2,0,0,0,0,0,0,0,1,0,1,1,0,0,1,0,1,0,0,1,0,2,1,0,0,0,1.69866622677926
2,2,2,2,2,2,0,2,2,2,2,2,0,1,2,2,2,2,2,2,0,2,0,2,2,2,2,2,2,2,2,0,0,0,2,0,0,2,2,0,2,2,2,2,0,2,2,0,2,2,0,2,2,2,1,2,0,2,2,1,2,2,0,2,0,0,2,0,2,0,2,0,2,2,0,1,0,0,0,2,0,2,0,0,0,0,0,2,0,1,2,0,0,0,0,2,0,1,2,0,2,0,0,0,0,0.363763162180701
0,0,1,1,0,0,2,0,1,0,1,1,1,1,1,1,1,1,1,0,0,1,0,1,1,0,0,0,0,0,0,1,1,1,0,1,1,1,1,2,0,0,1,0,1,1,0,1,1,2,1,1,0,1,0,1,0,0,1,0,0,2,0,0,0,1,1,0,1,0,2,1,2,2,0,1,1,1,1,1,1,1,0,0,0,0,1,2,0,0,2,0,0,0,1,2,0,0,2,1,2,1,0,0,0,1.4455339976052999
2,2,2,2,2,2,0,2,2,1,2,2,0,1,2,2,2,2,2,2,0,2,0,2,2,2,2,2,2,1,2,0,0,0,2,0,0,2,2,0,2,2,2,2,0,2,2,0,2,2,0,2,2,2,1,2,0,2,2,1,2,2,0,2,0,0,1,0,2,0,2,0,2,2,0,0,0,0,0,2,0,2,0,0,0,0,0,2,0,2,2,0,0,0,0,2,0,0,2,0,2,0,0,0,0,0.49619690538415506
1,1,1,1,1,1,1,1,2,1,2,0,1,1,2,2,2,2,1,0,0,2,0,2,2,1,1,1,1,1,0,0,0,0,1,0,0,2,2,0,1,1,1,1,0,1,1,0,2,1,0,2,0,2,0,1,1,1,2,0,0,1,0,1,0,0,1,0,2,0,1,1,1,2,0,1,1,1,0,1,1,1,1,1,1,0,0,1,1,0,1,0,1,1,0,1,1,0,1,0,1,2,0,0,0,1.16341295504878
1,1,1,1,1,1,1,1,1,1,1,0,1,1,1,1,1,1,1,0,0,1,0,1,1,1,1,0,1,1,1,1,1,1,1,1,1,1,1,1,0,0,2,0,1,0,2,1,0,2,1,1,1,1,0,2,0,0,0,1,1,2,1,2,1,1,1,1,0,0,2,0,2,2,0,1,0,0,0,2,0,2,0,0,0,0,0,2,0,1,2,0,0,0,0,2,0,0,2,0,2,1,0,0,0,2.4025945261551698
1,1,1,1,1,1,1,1,2,1,2,1,1,0,2,2,2,2,1,0,0,2,0,2,2,0,0,0,1,2,1,0,0,0,1,0,0,2,2,0,2,0,1,2,0,2,1,0,2,1,1,2,0,2,0,0,1,2,2,0,0,1,0,0,0,0,2,0,2,0,2,1,1,2,0,0,1,1,1,1,1,1,1,1,1,0,0,1,0,0,1,0,1,1,1,1,1,0,1,1,1,0,0,0,0,0.7326807223940991
0,0,0,0,0,1,1,0,1,0,1,0,1,0,1,2,2,2,0,0,0,2,0,2,1,0,0,0,0,0,0,1,0,0,1,0,0,1,2,0,0,0,0,0,1,1,1,0,1,0,2,2,0,1,0,1,2,2,2,0,0,0,0,1,1,0,1,1,2,0,0,1,2,2,0,0,1,2,0,0,2,2,1,1,1,0,0,2,0,1,2,0,1,0,0,2,1,0,2,0,0,0,0,0,0,2.4993445310647
2,1,1,1,1,1,0,1,2,1,2,1,1,2,2,2,2,2,1,0,0,2,0,2,2,2,2,1,1,1,1,0,0,0,0,0,0,2,2,0,1,0,2,1,0,1,1,0,2,1,0,1,2,2,0,2,1,1,1,0,0,1,0,2,0,0,1,0,2,0,1,1,2,2,0,0,0,1,0,1,1,2,1,1,1,0,0,2,0,1,2,0,1,0,0,2,1,0,2,0,1,0,0,0,0,0.0016604403034767802
1,1,0,1,0,1,0,1,1,1,1,1,0,1,0,2,2,2,1,0,0,1,0,2,1,1,1,1,1,1,1,1,0,0,1,0,0,0,2,0,2,0,1,2,1,1,1,0,2,1,1,1,1,1,1,1,1,2,2,0,1,1,0,2,1,0,0,1,1,0,1,0,1,2,0,1,0,1,1,1,1,0,0,0,0,0,0,1,0,1,2,0,0,0,1,1,1,0,2,1,1,1,0,0,0,2.8206828300021
2,2,2,2,2,2,0,1,2,1,2,2,0,2,2,2,2,2,2,2,0,2,0,2,2,2,2,2,0,1,0,0,0,0,2,0,0,2,2,0,1,2,2,1,0,2,2,0,2,2,0,2,1,1,1,2,0,1,2,0,0,1,0,2,0,1,1,0,2,0,2,0,2,2,0,1,0,1,0,1,0,2,0,0,0,0,1,2,1,2,2,0,0,0,0,1,0,0,2,0,1,0,0,0,0,0.156824444786906
1,1,1,1,1,1,1,1,1,1,1,0,1,1,1,1,1,1,1,0,0,1,0,0,1,1,1,1,0,0,0,1,1,1,1,1,1,1,1,1,0,0,2,0,1,0,1,1,0,2,1,1,0,1,0,2,0,0,0,0,0,2,1,2,1,2,1,1,0,1,2,0,2,1,0,1,0,0,0,2,0,2,0,0,0,0,1,2,1,2,2,0,0,0,1,2,0,0,2,0,2,1,0,0,0,0.5908854304087491
1,1,1,1,1,1,1,1,2,1,2,0,1,1,2,2,2,2,1,1,0,2,0,2,2,1,1,1,1,1,1,0,0,0,1,0,0,2,2,0,1,1,1,1,0,1,1,0,2,1,0,2,1,2,1,1,1,1,1,0,1,1,0,1,0,0,1,0,2,0,1,1,1,2,0,0,1,1,0,1,1,1,1,1,1,0,0,1,0,1,1,0,1,1,1,1,1,0,1,0,1,0,0,0,0,0.8357677620399241
0,0,0,0,0,0,2,0,0,0,0,1,2,1,0,0,0,0,1,0,0,0,0,0,0,1,2,0,0,0,0,2,1,2,0,2,2,0,0,2,0,0,2,0,2,0,1,2,0,2,1,0,1,0,1,2,0,0,0,0,0,2,1,2,1,2,0,1,0,1,2,0,2,1,0,0,0,0,0,2,0,2,0,0,0,0,0,2,0,2,2,0,0,0,0,2,0,0,2,0,2,2,1,0,0,2.0726720784141497
2,2,2,2,2,2,0,2,2,1,2,2,0,2,2,2,2,2,2,2,0,2,0,2,2,2,2,2,2,2,1,0,0,0,2,0,0,2,2,0,2,2,2,2,0,2,2,0,2,2,0,2,2,2,1,2,0,2,2,0,0,2,0,2,0,0,1,0,2,0,2,0,2,2,0,1,0,0,1,2,0,2,0,0,0,0,0,2,0,1,2,0,0,0,1,2,0,0,2,0,1,0,0,0,0,0.0546763998348396
1,1,1,1,1,1,1,1,1,1,1,0,1,1,1,1,1,1,1,0,0,1,0,1,1,1,1,1,2,0,1,1,0,1,1,1,1,0,1,1,0,1,2,0,1,0,1,1,0,2,1,1,1,1,1,1,0,0,0,0,0,2,0,1,0,1,1,0,0,0,2,0,2,2,0,0,0,0,0,2,0,1,0,0,0,0,0,2,0,1,2,0,0,0,0,2,0,1,2,0,2,0,0,0,0,1.5545869082806798
1,1,0,1,1,0,1,1,1,1,1,1,1,1,1,1,1,1,1,0,0,1,0,1,1,1,1,1,1,1,1,1,1,1,1,1,1,1,0,1,1,1,2,1,1,0,1,1,1,2,1,1,1,1,1,1,0,1,1,0,1,2,0,1,0,1,1,0,0,1,2,0,1,1,0,1,0,0,0,2,0,1,0,0,0,0,0,2,0,1,2,0,0,0,0,2,1,0,2,0,2,1,1,0,0,0.8613094994745079
1,1,1,1,1,1,1,1,2,1,2,1,1,1,2,2,2,2,1,0,0,2,0,2,2,1,1,1,1,0,1,0,0,0,1,0,0,2,2,0,1,1,1,1,0,1,1,0,2,1,0,2,1,2,0,1,1,2,2,1,1,1,0,1,0,0,1,0,2,0,1,1,1,2,0,0,1,1,0,1,1,0,1,1,1,0,0,1,0,1,1,0,1,1,0,1,1,0,1,0,1,0,0,0,0,0.8977166036589781
2,2,2,2,2,2,0,2,2,2,2,2,0,2,2,2,2,2,2,2,0,2,0,2,2,0,0,2,2,2,2,0,0,0,2,0,0,2,2,0,2,2,2,1,0,2,2,0,2,2,0,2,0,2,0,2,0,2,2,0,0,2,0,0,0,0,1,0,2,0,2,0,2,2,0,0,0,0,0,2,0,2,0,0,0,0,2,2,0,0,2,0,0,0,0,2,0,0,2,0,2,2,0,0,0,0.304090776066861
1,1,1,1,1,1,1,1,1,1,1,0,1,1,1,1,1,1,1,0,0,1,0,1,1,1,1,1,1,1,1,1,1,1,1,1,1,1,1,1,0,0,2,0,1,0,1,1,0,2,1,1,1,0,1,1,0,0,1,1,1,2,0,2,0,1,1,0,0,0,2,0,2,2,0,2,0,0,0,2,0,2,0,0,0,0,0,2,0,1,2,0,0,0,1,2,0,1,2,0,2,0,0,0,0,1.7469875994906598
1,1,1,1,1,1,1,1,1,1,1,1,1,2,1,1,1,1,1,1,0,1,0,1,1,2,2,1,1,1,1,1,0,1,1,1,1,1,1,1,0,1,2,0,1,0,1,1,1,2,0,0,2,1,0,2,0,0,1,0,1,2,0,2,0,1,1,0,1,0,2,0,2,2,0,1,1,0,0,2,0,2,0,0,0,0,0,2,0,2,2,0,0,0,0,2,0,1,2,0,2,0,0,0,0,0.5879078278694
1,1,1,1,1,1,1,1,1,1,1,1,1,2,1,1,1,1,1,0,0,1,0,1,1,2,2,1,1,1,1,1,0,1,1,1,1,1,1,1,0,1,2,0,1,0,1,1,0,2,0,1,2,1,0,2,0,0,1,0,1,2,0,2,0,1,0,0,1,0,2,0,2,2,0,1,0,0,0,2,0,2,0,0,0,0,0,2,0,2,2,0,0,0,0,2,0,0,2,0,2,1,0,0,0,2.12610396613012
0,0,1,1,0,0,2,0,2,0,2,0,1,1,1,2,2,2,1,0,0,1,0,1,1,1,1,1,0,1,0,0,0,0,1,0,0,1,1,1,2,0,0,2,0,2,1,0,2,1,0,1,1,1,0,1,1,2,1,0,0,1,0,0,0,0,1,0,1,0,1,2,1,2,0,0,2,2,0,0,2,1,1,1,1,0,0,1,0,1,0,0,1,1,0,1,1,0,1,0,1,1,0,0,0,1.6903858697113001
1,1,1,1,1,0,1,1,2,1,2,0,1,1,1,2,2,2,1,0,0,1,0,2,1,0,0,1,1,1,1,0,0,0,1,0,0,1,1,0,2,1,1,2,0,2,1,0,2,1,1,1,0,2,0,1,1,2,1,0,1,1,0,0,0,0,1,0,1,0,1,1,1,2,0,0,1,1,0,1,1,1,1,1,1,0,1,1,0,0,2,0,1,0,0,2,1,0,2,0,1,0,0,0,0,1.2256515210549
2,2,1,2,1,0,0,2,2,2,2,1,0,1,1,2,2,2,2,1,0,1,0,2,1,0,1,2,2,1,2,0,0,0,1,0,0,1,1,0,2,2,2,2,0,2,2,0,2,2,1,1,0,2,1,1,0,2,1,1,1,2,0,0,0,0,1,0,1,0,2,0,1,2,0,1,0,0,1,2,0,1,0,0,0,1,1,2,0,0,2,0,0,0,1,2,0,1,2,1,2,0,0,0,0,0.258829771546648
1,1,1,1,1,1,1,1,1,1,1,0,1,2,1,1,1,1,1,0,0,1,0,1,1,1,1,0,1,0,1,1,0,1,1,1,1,0,1,1,0,0,2,0,1,0,1,1,1,2,0,1,1,0,0,2,0,0,0,0,0,2,0,1,0,1,1,0,1,0,2,0,2,2,0,0,0,0,0,2,0,2,0,0,0,0,1,2,0,1,2,0,0,0,0,2,0,0,2,0,2,2,0,0,0,1.15336112336259
0,0,0,0,0,0,2,0,0,0,0,0,2,0,0,0,0,0,1,0,1,0,0,1,0,0,0,0,0,0,0,1,2,2,1,2,2,0,0,1,1,1,2,1,2,1,1,1,1,2,2,1,0,1,0,1,0,1,0,0,1,2,1,1,1,2,1,0,0,1,2,0,1,1,0,0,0,0,0,1,0,1,0,0,0,0,0,2,0,1,2,1,0,0,0,2,1,0,2,0,2,1,0,0,0,4.04122450981302
2,2,1,2,1,1,0,2,2,1,2,1,0,2,1,2,2,2,2,1,0,2,0,1,1,2,2,2,2,1,2,0,0,0,1,0,0,1,1,0,2,2,2,2,0,2,2,0,2,2,0,1,2,2,1,1,0,2,1,1,1,2,0,1,0,0,1,0,1,0,2,0,1,2,0,0,0,0,0,1,0,2,0,0,0,1,0,1,0,1,2,0,0,0,0,1,0,0,2,0,2,1,0,0,0,0.101097013719813
1,1,1,1,1,1,1,1,1,1,1,1,1,1,1,1,1,1,1,0,0,1,0,1,1,1,1,1,0,0,0,1,1,1,1,1,1,1,1,1,1,0,2,1,1,1,1,1,1,2,0,1,0,1,0,1,0,1,1,0,0,2,0,1,0,2,1,0,1,0,2,0,1,2,0,1,0,0,0,2,0,1,0,0,0,0,1,1,1,1,1,1,0,1,1,1,0,0,1,0,2,0,0,0,0,0.6305880387136801
2,2,1,2,1,1,0,2,2,2,1,1,0,2,1,2,2,2,2,1,0,1,0,2,1,2,2,2,2,1,2,0,0,0,1,0,0,1,1,0,2,1,2,2,0,2,2,0,2,2,0,1,2,2,1,1,0,2,1,1,1,2,0,1,0,0,1,0,1,0,2,0,1,2,0,1,0,0,0,1,0,1,0,0,0,1,0,1,0,1,2,0,0,0,0,2,1,0,2,0,1,1,0,0,0,0.16211906940974
1,1,0,1,1,0,1,1,1,1,1,1,1,2,1,1,1,1,1,0,0,1,0,1,1,2,2,1,1,1,1,1,0,1,1,1,1,1,0,1,1,1,2,1,1,1,2,1,1,2,0,1,2,1,1,2,0,1,1,0,0,2,0,2,0,1,1,0,0,0,2,0,1,2,0,0,0,0,0,1,0,0,0,0,0,0,0,1,0,2,2,1,0,0,0,2,1,0,2,0,2,1,0,0,0,1.4421611173145903
1,1,1,1,1,1,1,1,1,1,1,0,1,1,1,1,1,1,1,0,0,1,0,1,1,0,1,0,1,1,1,1,1,1,1,1,1,1,1,1,1,0,2,0,1,1,1,1,1,2,1,0,0,0,1,2,0,1,1,0,0,2,1,1,1,1,0,1,0,1,2,0,2,1,0,0,0,0,0,1,0,2,0,0,0,0,1,2,0,1,2,0,0,0,0,2,0,0,2,0,2,2,1,0,0,0.92074054306869
1,1,1,1,1,1,0,2,1,1,1,1,0,1,1,2,2,2,2,0,0,1,0,2,1,1,1,1,2,1,1,1,0,0,1,0,0,1,2,0,2,1,1,2,1,2,2,0,2,1,1,1,1,1,1,1,1,2,2,1,1,1,0,1,1,0,0,1,1,0,1,0,1,2,0,0,0,1,0,1,1,1,0,0,0,0,0,1,0,1,2,0,0,0,0,2,1,0,2,0,1,0,0,0,0,1.0724880362715
2,2,1,2,1,2,0,2,2,2,1,1,0,2,1,2,2,2,2,0,0,2,0,2,1,2,2,2,2,1,2,0,0,0,1,0,0,1,2,0,2,1,2,2,0,2,2,0,2,2,0,1,2,1,1,2,0,2,1,0,1,2,0,2,0,0,1,0,1,0,2,0,1,2,0,1,0,0,1,1,0,1,0,0,0,1,0,1,0,2,2,0,0,0,1,2,1,0,2,1,1,0,0,0,0,0.15724829011258998
1,1,1,1,1,1,1,1,2,1,2,0,1,2,2,2,2,2,1,0,0,2,0,2,2,1,1,1,0,1,0,0,0,0,1,0,0,2,2,0,2,0,1,1,0,0,1,0,2,1,0,2,0,2,1,2,1,2,2,0,0,1,0,1,0,1,2,0,2,0,1,1,2,2,0,1,1,1,0,1,1,2,1,1,1,0,2,2,1,1,2,0,1,0,0,2,1,0,2,0,1,0,0,0,0,1.46536166960729
2,2,2,2,2,2,1,1,2,1,2,2,0,1,2,2,2,2,2,1,0,2,0,2,2,2,2,1,1,2,0,0,0,0,2,0,1,2,2,0,2,0,2,1,0,2,1,0,2,2,0,2,1,1,2,2,0,1,2,0,0,1,0,2,0,0,2,0,2,0,2,0,2,2,0,0,0,1,0,1,0,1,0,0,0,0,1,2,1,2,2,0,0,0,0,2,0,0,1,0,1,0,0,0,0,0.8089700038486759
0,0,0,0,0,1,1,1,0,0,0,0,1,1,0,1,1,1,0,0,0,1,0,1,0,1,1,0,1,0,0,2,0,1,1,1,1,0,1,1,0,0,1,0,2,0,1,1,1,1,1,1,1,0,0,2,1,0,1,0,0,1,0,2,1,1,0,1,1,0,1,0,2,2,0,0,0,1,0,1,1,2,0,0,0,0,0,2,0,2,2,0,0,0,0,2,0,0,2,0,1,1,0,0,0,0.84818388642071
1,1,1,1,1,2,0,1,1,1,1,1,0,1,1,2,2,2,1,0,0,2,0,2,1,1,1,0,1,1,1,1,0,0,1,0,0,1,2,0,1,0,1,1,1,1,1,0,1,1,1,2,1,1,0,2,1,1,1,1,1,1,0,2,1,0,0,1,2,0,1,0,2,2,0,1,1,1,0,1,1,2,0,0,0,0,0,2,0,2,2,0,0,0,0,2,0,0,2,0,1,1,0,0,0,1.4171465394740599
1,1,1,1,1,1,1,1,2,1,2,1,1,1,2,2,2,2,1,0,0,2,0,2,2,1,1,0,1,0,1,0,0,0,0,0,0,2,2,0,2,0,1,2,0,2,1,0,2,1,0,2,1,1,1,1,1,2,2,0,0,1,0,1,0,0,1,0,2,0,2,1,1,2,0,0,0,1,0,1,1,1,1,1,1,0,0,0,0,1,0,0,1,1,0,1,1,0,1,0,1,0,0,0,0,0.43288204031672606
1,1,1,1,1,1,1,0,2,1,2,1,1,1,2,2,2,2,1,0,0,2,0,2,2,1,1,1,0,1,0,0,0,0,1,0,0,2,2,0,2,0,1,2,0,2,0,0,2,1,0,2,1,1,1,1,1,2,2,0,0,0,0,1,0,0,2,0,2,0,1,1,1,2,0,0,1,2,0,0,1,0,1,1,1,0,0,1,0,1,1,0,1,1,0,1,1,0,1,0,0,1,0,0,0,2.50195974698099
1,1,1,1,1,1,1,1,1,1,1,1,1,1,1,1,1,1,1,0,0,1,0,1,1,1,1,1,0,0,0,1,1,1,1,1,1,1,1,1,1,0,2,1,1,1,1,1,1,2,1,1,0,1,0,1,0,1,1,0,0,2,0,1,0,2,1,0,1,1,2,0,1,1,0,1,0,0,0,2,0,1,0,0,0,0,1,2,1,1,2,1,0,0,1,2,1,0,2,0,2,1,0,0,0,1.08557582799245
1,1,1,1,1,2,0,1,1,0,1,0,0,1,1,2,2,2,1,0,0,2,0,2,1,1,1,0,1,1,1,1,0,0,1,0,0,1,2,0,1,0,1,1,1,1,1,0,1,1,1,2,1,1,1,2,1,2,2,0,1,1,0,2,1,0,1,1,2,0,1,0,2,2,0,1,1,1,0,0,1,2,0,0,0,0,0,2,0,2,2,0,0,0,1,1,0,1,2,0,1,1,0,0,0,0.577657757181103
2,2,1,2,1,1,0,2,2,2,2,2,0,1,1,2,2,2,2,1,0,1,0,2,2,1,1,1,2,1,2,0,0,0,2,0,0,1,1,0,2,2,2,2,0,2,2,0,2,2,0,1,1,2,1,1,0,2,1,1,1,2,0,0,0,0,1,0,2,0,2,0,1,2,0,0,0,0,0,2,0,2,0,0,0,0,1,1,0,0,2,0,0,0,0,1,1,0,2,0,2,0,0,0,0,0.135314998016398
2,1,1,1,1,1,1,1,2,1,2,1,1,0,1,1,2,2,1,1,0,1,0,2,2,0,0,1,1,1,1,0,0,0,1,0,0,1,2,0,2,1,1,2,0,2,1,0,2,1,1,2,0,1,0,0,1,2,2,1,1,1,0,0,0,0,1,0,2,0,2,1,1,2,0,1,0,1,1,1,1,0,1,1,1,0,0,1,0,0,1,0,1,1,1,1,1,1,1,1,1,1,0,0,0,1.74163424225779
1,1,1,1,1,0,1,1,1,1,1,1,1,1,1,1,1,1,1,0,0,0,0,1,1,1,1,1,1,0,1,1,0,1,1,1,1,1,0,1,1,1,2,1,1,1,1,1,1,2,1,1,1,1,0,1,0,1,1,0,0,2,0,1,0,1,1,0,0,0,2,0,1,2,0,1,0,0,0,2,0,1,0,0,0,0,0,2,0,1,2,0,0,0,1,1,1,0,2,0,2,0,0,0,0,0.480194003123346
0,0,0,0,0,0,2,0,2,0,2,0,2,0,1,2,2,2,0,0,0,2,0,2,2,0,0,0,0,0,0,0,0,0,1,0,0,1,2,0,2,0,0,2,0,2,1,0,2,0,0,1,0,1,0,0,2,2,1,0,0,0,0,0,0,0,2,0,2,0,1,2,0,2,0,0,2,2,0,0,2,0,2,2,2,0,0,0,0,0,0,1,1,2,0,0,2,0,0,0,0,1,0,0,0,3.1886597431496098
1,1,1,1,1,0,1,1,1,1,1,1,1,1,0,1,1,1,1,1,0,1,0,1,1,1,1,1,1,1,1,1,1,1,1,1,1,1,0,1,1,1,2,1,1,1,1,1,1,2,1,0,1,1,0,1,0,1,1,0,1,2,1,2,0,1,1,0,1,1,2,0,1,1,0,0,0,0,0,2,0,1,0,0,0,0,0,1,0,1,2,0,0,0,0,2,1,1,2,0,2,1,1,0,0,0.7534273427544521
1,1,1,1,1,1,1,1,2,1,2,1,1,1,2,2,2,2,1,0,0,2,0,2,2,1,1,0,1,1,1,0,0,0,1,0,0,2,2,0,2,0,1,1,0,2,1,0,2,1,0,2,1,2,1,1,1,2,2,1,1,1,0,1,0,0,2,0,2,0,2,1,1,2,0,0,1,1,0,1,1,1,1,1,1,0,0,0,0,1,0,0,1,1,0,1,1,0,1,0,1,0,0,0,0,0.753876421801943
1,1,2,1,1,2,0,1,2,1,2,1,1,0,2,2,2,2,1,0,0,2,0,2,2,0,0,1,1,1,1,0,0,0,1,0,0,1,2,0,2,1,2,2,1,1,1,0,2,2,1,1,0,2,0,0,0,2,1,1,1,2,0,0,0,1,2,0,2,0,2,0,1,2,0,0,1,0,0,2,1,1,0,0,0,0,0,1,0,0,1,0,0,1,0,1,0,0,1,0,2,0,0,0,0,0.9498811581176659
1,1,1,1,1,2,0,2,1,1,1,1,0,1,1,2,2,2,1,1,0,2,0,2,1,1,1,0,2,1,1,1,0,0,0,0,0,0,2,0,2,0,1,1,1,1,2,0,2,1,1,2,1,1,1,2,1,1,1,1,1,1,0,2,1,0,0,1,2,0,1,0,2,2,0,1,1,1,0,1,1,2,0,0,0,0,0,2,0,1,2,0,0,0,0,2,0,0,2,0,1,1,0,0,0,1.2613521156032599
2,2,2,2,2,2,1,2,2,1,2,2,0,2,2,2,2,2,2,1,0,2,0,2,2,2,2,1,2,1,1,0,0,0,1,0,1,2,2,0,2,2,2,1,0,1,2,0,2,2,0,2,1,2,0,2,0,2,2,0,1,2,0,2,0,0,1,0,2,0,2,0,2,2,0,0,0,0,0,2,0,2,0,0,0,0,1,2,1,2,2,0,0,0,1,2,0,0,2,0,2,1,0,0,0,1.14948197298603
1,1,1,1,1,0,1,1,1,1,1,1,1,1,0,1,1,1,0,1,0,1,0,1,1,0,0,0,1,0,1,1,1,1,0,1,1,1,1,1,0,0,2,0,1,0,2,1,0,2,1,1,0,1,1,2,0,0,0,0,0,2,1,1,1,1,0,1,0,1,2,0,2,1,0,1,0,0,0,2,0,1,0,0,0,0,1,2,0,1,2,0,0,0,0,2,0,0,2,0,2,1,0,0,0,0.281791860795841
2,2,2,2,2,2,0,2,2,1,2,2,0,2,2,2,2,2,2,2,0,2,0,2,2,2,2,2,2,2,0,0,0,0,2,0,0,2,2,0,2,2,2,2,0,2,2,0,2,2,0,2,2,2,0,2,0,2,2,0,0,2,0,2,0,0,1,0,2,0,2,0,2,2,0,0,0,0,0,2,0,2,0,0,0,0,0,2,0,2,2,0,0,0,0,2,0,0,2,0,0,0,0,0,0,0.196410203300253
2,2,2,2,2,2,0,2,2,1,2,2,0,2,2,2,2,2,2,1,0,2,0,2,2,1,1,2,2,2,1,0,0,0,2,0,0,2,2,0,2,1,2,2,0,2,2,0,2,2,0,2,1,2,1,2,0,2,2,0,0,2,0,1,0,0,0,0,2,0,2,0,2,2,0,0,0,0,0,2,0,2,0,0,0,0,1,2,0,1,2,0,0,0,0,2,0,0,2,0,1,1,0,0,0,0.0100740517841413
2,2,2,2,2,1,0,2,2,1,2,2,0,2,1,2,2,2,2,2,0,2,0,2,2,1,1,1,2,1,2,0,0,0,1,0,0,2,2,0,1,1,2,1,0,2,2,0,1,2,0,2,1,2,1,2,0,1,1,0,1,2,0,1,0,0,1,0,1,0,2,0,2,2,0,1,0,0,0,2,0,1,0,0,0,0,1,2,0,1,2,0,0,0,0,2,0,1,2,0,2,0,0,0,0,0.0053005610470096
0,0,0,0,0,0,2,0,2,0,2,0,2,0,2,2,2,2,0,0,0,2,0,2,1,0,0,0,0,1,0,0,0,0,0,0,0,1,2,0,1,0,0,1,0,1,1,0,2,0,0,1,0,1,0,0,2,2,1,0,0,0,0,0,0,0,1,0,1,0,0,2,0,2,0,1,2,2,0,0,2,0,2,2,2,0,0,0,0,0,0,0,1,2,1,0,2,0,0,0,0,1,0,0,0,2.3559533014912404
0,0,0,0,0,1,1,1,0,0,0,0,1,0,0,1,1,1,0,0,0,1,0,1,0,0,0,0,1,0,0,2,1,1,0,1,1,0,1,1,1,0,1,0,2,0,2,1,1,1,2,0,0,1,0,2,1,0,0,0,0,1,1,2,2,1,0,2,1,1,1,0,2,1,0,0,0,1,0,1,1,1,0,0,0,0,0,2,0,2,2,0,0,0,0,2,0,0,2,0,1,2,0,0,0,2.12937339128418
1,1,1,1,1,1,1,1,2,0,2,0,1,1,2,2,2,2,1,0,0,2,0,2,1,1,1,0,1,1,1,0,0,0,0,0,0,1,2,0,1,0,1,1,0,2,1,0,2,1,0,1,1,1,0,1,1,1,0,1,1,1,0,1,0,0,2,0,1,0,1,1,1,2,0,1,1,1,0,0,1,0,1,1,1,0,0,0,0,1,0,0,1,1,0,1,1,0,1,0,0,0,0,0,0,0.7223929672949359
1,1,1,1,1,1,1,1,1,0,1,1,1,1,1,1,1,1,2,1,0,1,0,1,1,1,1,0,1,0,1,1,1,1,0,1,1,0,1,1,0,0,2,0,1,0,1,1,0,2,1,0,1,0,0,1,0,0,0,0,0,2,0,1,0,1,0,0,0,1,1,0,2,1,0,0,0,0,0,2,0,1,0,0,0,0,0,2,0,1,2,0,0,0,0,2,0,0,2,0,2,1,0,0,0,1.1011521107661202
0,0,0,0,0,0,2,0,0,0,0,0,2,0,0,0,0,0,0,0,0,0,0,1,0,0,0,0,0,0,0,2,2,2,0,2,2,0,0,2,0,0,2,0,2,0,1,2,0,2,2,0,0,1,0,2,0,0,0,0,0,2,2,2,1,2,0,1,0,1,2,0,2,1,0,0,0,0,0,2,0,2,0,0,0,0,0,1,0,2,2,0,0,0,0,2,0,0,2,0,2,1,1,0,0,3.08150006490628
1,1,1,1,1,1,1,1,1,1,1,1,1,1,1,1,1,1,0,0,0,1,0,1,1,0,0,0,1,1,1,1,1,1,0,1,1,1,1,1,0,0,2,0,1,0,1,1,0,2,1,1,0,1,0,2,0,0,0,0,0,2,1,1,1,1,1,1,0,0,2,0,2,2,0,0,0,0,0,2,0,2,0,0,0,0,1,2,0,1,2,0,0,0,0,2,0,0,2,0,2,2,0,0,0,1.2917248638116898
0,0,0,0,0,0,2,0,1,0,1,0,2,0,1,1,1,1,0,0,0,1,0,1,1,0,0,0,0,1,0,1,1,1,0,1,1,1,1,1,0,0,1,0,1,0,1,1,1,1,1,1,0,1,0,0,1,1,0,0,0,1,0,0,0,1,1,0,1,0,1,1,1,2,0,0,0,1,0,1,1,1,1,1,1,0,0,1,0,0,1,1,1,1,0,1,1,0,1,0,1,0,0,0,0,1.97088869598517
0,0,0,0,0,0,2,0,0,0,0,0,2,1,0,0,0,0,0,0,0,0,0,0,0,1,1,0,1,1,0,2,1,2,0,2,2,0,0,2,0,0,2,0,2,0,1,1,0,2,1,1,1,1,0,1,0,0,0,0,0,2,0,0,0,2,1,0,0,0,2,0,2,2,0,0,0,0,0,2,0,1,0,0,0,0,0,2,0,1,2,0,0,0,0,2,0,0,2,0,2,0,1,0,0,0.920054162150757
2,2,2,2,2,2,0,2,2,2,2,2,0,2,2,2,2,2,2,2,0,2,0,2,2,2,2,2,2,1,2,0,0,0,2,0,0,1,2,0,2,2,2,2,0,2,2,0,2,2,0,1,2,2,2,2,0,2,1,0,2,2,0,2,0,0,1,0,2,0,2,0,2,2,0,0,0,0,0,2,0,2,0,0,0,0,0,2,0,1,2,0,0,0,0,2,0,2,2,0,2,1,0,0,0,-0.10435316967281301
0,0,0,0,0,0,2,0,1,0,1,0,2,1,1,1,1,1,0,0,0,1,0,1,1,1,1,0,0,0,0,1,0,1,0,1,1,1,1,1,0,1,1,0,1,0,1,1,1,1,0,1,1,1,0,1,1,0,0,0,0,1,0,1,0,1,1,0,1,0,1,1,1,2,0,0,1,1,0,1,1,1,1,1,1,0,0,1,0,1,1,0,1,1,0,1,1,0,1,0,1,0,0,0,0,2.0971173161684398
2,2,2,2,2,2,0,2,2,2,2,2,0,1,2,2,2,2,2,2,0,2,0,2,2,1,1,2,2,2,2,0,0,0,2,0,0,2,2,0,1,1,2,1,0,1,2,0,2,2,1,2,1,2,2,1,0,1,2,2,2,2,0,1,0,0,1,0,2,0,2,0,2,2,0,2,0,0,1,2,0,2,0,0,0,0,0,2,0,1,2,0,0,0,1,2,0,0,2,1,2,0,0,0,0,-0.0307108351143697
1,1,1,1,1,1,1,1,1,1,1,1,1,1,1,1,1,1,1,1,0,1,0,1,1,1,1,1,1,0,1,1,1,1,1,1,1,1,1,1,0,0,2,0,1,0,1,1,0,2,1,1,1,1,0,1,0,0,0,1,1,2,0,1,0,1,1,0,1,1,2,0,2,1,0,1,0,0,1,2,0,2,0,0,0,0,0,2,0,1,2,0,0,0,1,2,0,1,2,1,2,0,0,0,1,1.01174577609774
2,2,2,2,2,2,0,2,2,2,2,2,0,2,2,2,2,2,2,2,0,2,0,2,2,2,2,1,2,1,1,0,0,0,2,0,0,1,2,0,1,1,2,1,0,1,2,0,1,2,0,2,2,2,1,2,0,1,1,0,1,2,0,2,0,0,1,0,1,0,2,0,2,2,0,1,0,0,0,2,0,2,0,0,0,0,0,2,0,1,2,0,0,0,1,1,0,0,2,0,2,0,0,0,0,-0.0554903056824787
1,1,1,1,1,1,1,1,2,1,2,0,1,2,2,1,2,2,0,0,0,2,0,1,2,2,2,0,0,0,0,0,0,0,0,0,0,1,2,0,1,0,1,1,0,1,2,0,1,1,0,1,1,2,0,2,1,1,1,0,0,1,0,1,0,1,2,0,2,0,1,1,2,2,0,1,1,1,0,1,1,1,1,1,1,0,1,2,1,2,2,0,1,0,1,2,1,0,2,0,1,0,0,0,0,0.10882859516877001
1,1,2,2,1,1,1,1,2,1,2,1,0,2,2,2,2,2,1,1,0,2,0,1,2,1,1,1,1,1,1,0,0,0,1,0,0,2,2,1,1,1,1,1,0,2,1,0,2,2,0,1,1,2,0,2,0,1,2,1,1,2,0,1,0,0,2,0,2,0,2,1,2,2,0,0,1,1,0,1,1,1,0,0,0,0,1,2,0,1,2,0,0,0,0,2,0,1,2,0,2,0,0,0,0,0.560751493085596
0,0,0,0,0,0,2,0,0,0,0,0,2,2,0,0,0,0,0,0,0,0,0,0,0,2,2,0,0,0,0,2,1,2,0,2,2,0,0,2,0,0,2,0,2,0,1,2,0,2,0,0,2,1,0,2,0,0,0,0,0,2,0,1,0,2,0,0,0,0,2,0,2,2,0,0,0,0,0,2,0,2,0,0,0,0,0,1,0,2,2,0,0,0,0,2,0,0,2,0,2,1,0,0,0,4.4293760724555895
1,1,1,1,1,1,1,0,1,1,1,0,1,1,1,1,1,1,0,0,0,1,0,1,1,1,1,0,0,0,0,1,1,1,0,1,1,1,1,1,0,0,2,0,1,0,0,1,0,2,0,0,1,0,0,1,0,0,0,0,0,1,0,1,0,1,1,0,0,0,2,0,1,2,0,0,0,1,0,1,0,1,0,0,0,0,0,1,0,1,1,0,0,1,0,1,0,0,1,0,1,0,0,0,0,0.5067935252003479
1,1,1,1,1,1,1,1,1,1,1,0,1,1,1,1,1,1,1,0,0,1,0,1,1,1,1,1,1,0,1,1,1,1,0,1,1,1,1,1,0,1,2,0,1,0,1,1,0,2,1,1,1,1,1,1,0,0,0,1,0,2,0,1,0,1,1,0,0,1,2,0,2,1,0,0,0,0,0,2,0,2,0,0,0,0,0,1,0,1,2,0,0,0,0,2,0,0,2,0,2,0,0,0,1,4.53647019627885
1,1,1,1,1,2,0,2,1,1,1,0,0,1,1,2,2,2,1,0,0,2,0,2,1,1,1,0,2,0,1,1,0,0,0,0,0,1,2,0,1,0,1,1,1,0,1,0,2,1,1,1,1,1,0,2,1,1,0,0,0,1,0,2,1,0,1,1,1,0,1,0,2,2,0,1,0,1,0,1,1,1,0,0,0,0,0,2,0,2,2,0,0,0,0,2,0,0,2,0,1,2,0,0,0,0.9253429185797609
1,1,1,1,1,1,1,0,2,1,2,0,2,1,2,2,2,2,1,0,0,2,0,2,1,1,1,0,0,0,1,0,0,0,0,0,0,1,2,0,1,0,1,1,0,2,0,0,2,1,0,1,1,0,0,1,1,2,1,0,0,1,0,1,0,0,1,0,1,0,1,1,1,2,0,0,1,1,0,1,1,0,1,1,1,0,0,1,0,1,1,0,1,1,0,1,1,0,1,0,1,1,0,0,0,1.03306349124029
1,1,1,1,1,0,1,1,1,1,1,0,1,1,1,1,1,1,1,0,0,1,0,1,1,1,1,0,1,1,0,1,1,1,0,1,1,1,1,1,0,0,2,0,1,0,1,1,1,2,1,1,0,1,0,1,0,0,0,0,0,2,0,1,0,1,1,0,0,1,2,0,2,1,0,0,0,0,0,2,0,2,0,0,0,0,1,1,1,1,2,0,0,0,1,2,0,0,2,0,2,0,0,0,0,0.480769106395577
1,1,1,1,1,1,1,1,1,1,1,0,1,2,1,1,1,1,1,0,0,1,0,1,1,2,2,0,1,0,0,1,0,1,0,1,1,1,1,1,0,0,2,0,1,0,1,1,0,2,0,1,1,1,1,2,0,0,0,0,0,1,0,2,0,1,1,0,0,0,2,0,2,2,0,0,0,0,0,1,0,1,0,0,0,0,1,2,1,2,2,0,0,0,0,2,0,0,2,0,1,1,0,0,0,1.05863763296274
1,1,1,1,1,0,1,1,1,1,1,0,1,1,1,1,1,1,1,0,0,1,0,1,1,1,1,0,1,1,0,1,1,1,0,1,1,0,0,1,0,0,2,0,1,0,1,1,0,2,1,0,0,0,1,1,0,0,0,0,0,2,0,1,0,1,1,0,0,1,2,0,2,1,0,0,0,0,0,2,0,1,0,0,0,0,1,2,1,1,2,0,0,0,0,2,0,0,2,0,2,0,0,0,0,0.8943280911032719
1,1,1,1,1,1,1,1,1,1,1,0,1,1,1,1,1,1,0,1,0,1,0,1,1,1,1,0,1,0,1,1,1,1,0,1,1,0,1,1,0,0,2,0,1,0,2,1,0,2,1,1,1,2,0,2,0,0,0,1,1,2,1,2,1,1,0,1,0,1,2,0,2,1,0,1,0,0,0,2,0,2,0,0,0,0,0,2,0,2,2,0,0,0,0,2,0,0,2,0,2,1,0,0,0,0.8613513486937541
1,1,1,1,1,1,1,1,1,1,1,1,1,1,1,1,1,1,1,0,0,1,0,1,1,1,1,0,1,1,1,1,1,1,0,1,1,1,1,1,0,0,2,0,1,0,1,1,1,2,1,1,1,0,1,2,0,1,1,1,1,2,1,2,1,1,0,1,0,1,2,0,2,1,0,1,0,0,0,2,0,1,0,0,0,0,0,2,0,2,2,0,0,0,0,2,0,0,2,0,2,0,0,0,0,2.8886512742197104
0,0,0,0,0,0,2,0,0,0,0,0,2,0,0,0,0,0,1,0,0,0,0,0,0,0,0,0,1,0,0,2,2,2,0,2,2,0,0,2,0,0,2,0,2,0,1,2,0,2,2,1,0,0,1,1,0,0,0,0,0,2,1,1,1,2,1,1,0,2,2,0,1,0,0,0,0,0,0,2,0,1,0,0,0,0,0,1,0,1,2,0,0,0,0,2,0,0,2,0,2,1,0,0,0,1.54747580478168
0,0,0,0,0,0,2,0,1,0,1,0,2,1,1,1,1,1,0,0,0,1,0,1,1,1,1,0,0,0,0,1,0,1,0,1,1,1,1,1,0,0,1,0,1,1,1,2,1,1,1,1,1,1,0,1,1,0,0,0,0,1,0,1,0,1,1,0,1,1,1,1,2,1,0,0,1,1,0,1,1,1,1,1,1,0,0,1,0,1,2,0,1,0,0,2,1,1,2,0,1,2,0,0,0,1.1680247554996201
0,0,0,0,0,0,2,0,2,0,2,0,2,0,2,2,2,2,0,0,0,2,0,2,2,0,0,0,0,1,0,0,0,0,0,0,0,1,2,0,2,0,0,2,0,2,1,0,2,0,1,2,0,2,0,0,2,2,1,0,0,0,0,0,0,0,1,0,1,0,0,2,1,2,0,0,2,2,0,0,2,1,2,2,2,0,0,1,0,0,1,0,1,1,0,1,2,0,1,0,0,2,0,0,0,1.88391995483043
1,1,1,1,1,1,1,1,1,1,1,0,1,1,1,1,1,1,0,1,0,1,0,1,1,1,1,0,1,1,1,1,1,1,0,1,1,1,1,1,0,1,2,0,1,0,1,1,1,2,1,1,1,1,0,1,0,0,1,0,0,2,0,1,0,1,1,0,0,1,2,0,2,1,0,0,0,0,0,2,0,1,0,0,0,0,0,2,0,1,2,0,0,0,0,2,0,0,2,0,2,1,0,0,0,0.500433031033774
2,2,2,2,2,2,0,2,2,2,2,2,0,2,2,2,2,2,2,2,0,1,0,2,2,2,2,2,2,2,2,0,0,0,2,0,0,2,2,0,2,2,2,2,0,2,2,0,2,2,0,2,1,2,1,2,0,2,2,0,0,2,0,2,0,0,1,0,2,0,2,0,2,2,0,1,0,0,0,2,0,1,0,0,0,0,1,2,1,2,2,0,0,0,0,2,0,0,2,0,2,0,0,0,0,-0.14458517449564903
0,0,0,0,0,0,2,0,1,0,1,0,2,0,1,1,1,1,0,0,0,1,0,1,1,0,0,0,0,0,0,1,1,1,0,1,1,1,1,1,0,0,1,0,1,0,1,1,0,1,2,1,0,1,0,1,1,0,1,0,1,1,0,1,1,1,1,1,1,0,1,1,2,2,0,0,1,1,0,1,1,1,1,1,1,0,0,2,0,1,2,0,1,0,0,2,1,0,2,0,1,0,0,0,0,2.91320562614439
1,1,2,2,1,1,1,0,2,1,2,0,1,2,2,2,2,2,0,1,0,2,0,1,2,1,1,0,0,1,0,0,0,0,1,0,0,2,2,1,2,1,1,1,0,2,0,0,2,2,0,2,1,2,0,2,0,2,2,0,0,2,0,1,0,1,2,0,2,0,2,1,2,2,0,1,1,1,1,1,1,1,0,0,0,0,1,2,0,1,2,0,0,0,1,2,0,1,2,1,2,0,0,0,0,0.96904331228748
0,0,0,0,0,0,2,0,0,0,0,0,2,1,0,0,0,0,0,0,0,0,0,0,0,1,1,0,0,0,0,2,1,2,0,2,2,0,0,2,0,0,2,0,2,0,1,2,0,2,1,0,1,0,0,1,0,0,0,0,0,2,0,1,0,2,0,0,0,0,2,0,2,2,0,0,0,0,0,2,0,1,0,0,0,0,0,2,0,1,2,0,0,0,0,2,0,0,2,0,2,1,0,0,0,1.64183963128544
1,1,1,1,1,1,0,1,1,1,1,1,0,2,1,2,2,2,0,1,0,2,0,2,1,1,1,0,1,1,1,1,0,0,0,0,0,1,1,0,1,0,1,1,1,2,1,0,1,1,0,2,1,1,1,2,1,1,1,0,0,1,0,1,0,0,0,0,1,0,1,0,2,2,0,0,0,1,0,1,1,2,0,0,0,0,1,2,0,1,2,0,0,0,0,2,0,0,2,0,1,0,0,0,0,2.1970983510436697
2,2,2,2,2,2,0,2,2,1,2,2,0,2,2,2,2,2,2,2,0,2,0,2,2,2,2,2,1,1,1,0,0,0,2,0,0,1,2,0,1,1,2,1,0,1,2,0,2,2,0,1,1,2,1,2,0,2,1,1,1,2,0,2,0,1,1,0,2,0,2,0,2,2,0,1,0,0,2,2,0,1,0,0,0,0,1,2,1,1,2,0,0,0,2,2,0,0,2,2,2,0,0,0,0,0.0473177140184742
1,1,1,1,1,1,1,2,1,1,1,1,0,2,1,1,1,1,1,1,0,1,0,1,1,2,2,0,2,0,1,1,0,1,0,1,1,0,1,1,0,0,2,0,1,0,2,0,0,2,0,1,2,0,0,2,0,0,0,1,1,2,0,2,0,1,0,0,0,0,2,0,2,2,0,1,0,0,0,2,0,2,0,0,0,0,0,2,0,2,2,0,0,0,0,2,0,0,2,0,2,0,0,0,0,1.2605820798596898
1,1,1,1,1,2,0,2,1,1,1,1,0,1,1,2,2,2,1,0,0,2,0,2,1,1,1,0,2,1,1,1,0,0,0,0,0,1,2,0,1,0,1,1,1,1,2,0,2,1,1,2,1,1,0,2,1,2,2,0,0,1,0,2,1,0,1,1,2,0,1,0,2,2,0,0,0,1,0,1,1,2,0,0,0,0,0,2,0,2,2,0,0,0,0,2,0,0,2,0,1,1,0,0,0,0.906457641542493
1,1,1,1,1,1,1,1,1,1,1,0,1,1,1,1,1,1,0,0,0,1,0,1,1,1,1,0,1,0,1,1,0,1,1,1,1,0,1,1,0,0,2,0,1,0,1,1,0,2,1,0,1,0,0,1,0,0,0,1,1,2,0,1,0,1,0,0,0,0,2,0,2,2,0,0,0,0,0,2,0,2,0,0,0,0,0,2,0,1,2,0,0,0,0,2,0,1,2,0,2,1,0,0,0,0.9372266767789971
2,2,2,2,2,2,0,2,2,2,2,2,0,2,2,2,2,2,2,2,0,2,0,2,2,2,2,2,2,2,1,0,0,0,2,0,0,1,2,0,2,2,2,2,0,2,2,0,2,2,0,2,2,2,1,2,0,2,2,0,0,2,0,2,0,0,1,0,2,0,2,0,2,2,0,0,0,0,1,2,0,2,0,0,0,0,0,2,0,2,2,0,0,0,1,1,0,0,2,1,1,0,0,0,0,0.46563208149672397
1,1,1,1,1,1,1,0,1,1,1,0,2,1,1,1,1,1,1,0,0,1,0,1,1,1,1,0,0,0,0,1,1,1,1,1,1,1,1,1,0,1,2,0,1,0,1,1,1,2,1,1,1,1,1,2,0,0,0,0,0,2,1,2,1,2,1,1,1,0,2,0,2,2,0,0,0,0,1,2,0,2,0,0,0,0,0,2,0,1,2,0,0,0,1,2,0,0,2,1,2,0,0,0,0,0.19759834268699603
2,2,2,2,2,2,0,1,2,1,2,2,1,1,2,2,2,2,2,2,0,2,0,2,2,1,1,2,1,2,1,0,0,0,2,0,0,2,2,0,2,2,2,2,0,2,1,0,2,2,1,2,1,2,1,2,0,2,2,1,1,2,0,2,1,1,1,1,2,0,2,0,2,2,0,2,1,0,2,2,0,2,0,0,0,0,0,2,0,2,2,0,0,0,2,2,0,0,2,2,2,0,0,0,0,0.688206583899112
1,1,1,1,1,1,1,1,2,1,2,0,1,2,2,2,2,2,1,0,0,2,0,2,2,1,1,0,1,0,1,0,0,0,1,0,0,2,2,0,1,0,1,0,0,1,1,0,2,1,0,2,1,2,0,2,1,2,2,0,0,1,0,1,0,0,1,0,2,0,1,1,2,2,0,0,1,1,0,1,1,2,1,1,1,0,1,2,0,1,2,0,1,0,0,2,1,0,2,0,1,1,0,0,0,0.560655951543279
0,0,0,0,0,0,2,0,1,0,1,0,2,0,1,1,1,1,0,0,0,1,0,1,1,0,0,0,0,0,0,1,1,1,0,1,1,1,1,1,0,0,1,0,1,0,1,1,1,1,1,1,0,1,0,1,1,1,1,0,0,1,1,1,1,1,1,1,1,1,1,1,1,1,0,0,1,1,0,1,1,1,1,1,1,0,0,1,0,1,1,0,1,1,0,1,1,0,1,0,1,1,1,0,0,1.12427947343791
2,2,2,2,2,2,0,1,2,2,2,2,0,1,2,2,2,2,2,2,0,2,0,2,2,2,2,2,1,2,1,0,0,0,2,0,0,2,2,0,2,2,2,2,0,2,1,0,2,2,0,2,2,2,0,2,0,2,2,1,1,1,0,2,0,0,1,0,2,0,2,0,2,2,0,1,0,1,0,1,0,2,0,0,0,0,0,2,0,2,2,0,0,0,0,2,0,0,2,0,1,0,0,0,0,-0.0337829379344037
1,1,1,1,1,1,1,1,2,1,2,0,1,0,2,2,2,2,0,0,0,2,0,2,2,0,0,0,1,0,1,0,0,0,0,0,0,2,2,0,1,0,1,1,0,1,1,0,2,1,1,2,0,2,1,0,1,1,1,1,1,1,0,0,0,0,2,0,2,0,1,1,1,2,0,0,1,1,0,1,1,0,1,1,1,0,0,1,0,0,1,0,1,1,0,0,1,0,1,0,1,0,0,0,0,0.715528670312825
1,1,1,1,1,1,1,0,1,1,1,0,2,1,1,1,1,1,1,0,0,1,0,1,1,1,1,0,0,1,0,1,1,1,0,1,1,1,1,1,0,0,2,0,1,0,0,1,1,2,1,1,1,0,1,1,0,0,0,0,0,2,0,1,0,2,1,0,0,1,2,0,2,1,0,0,0,0,0,1,0,1,0,0,0,1,0,2,0,1,2,0,0,0,0,2,0,0,2,0,2,0,0,0,0,0.362951208558152
2,2,2,2,2,2,0,2,2,1,2,2,0,1,2,2,2,2,2,1,0,2,0,2,2,0,0,2,2,2,2,0,0,0,2,0,0,2,2,0,2,1,2,2,0,2,2,0,2,2,1,2,0,2,1,1,0,2,2,1,1,2,0,0,0,0,1,0,2,0,2,0,2,2,0,0,0,0,0,2,0,2,0,0,0,0,1,2,0,0,2,0,0,0,0,2,0,1,2,0,2,0,0,0,0,0.44337828387271894
1,0,0,0,0,1,1,0,1,0,1,0,2,1,1,1,1,1,0,0,0,1,0,1,1,1,1,0,0,0,0,1,1,1,0,1,1,1,1,1,0,0,2,0,1,0,0,1,1,1,0,1,1,1,0,1,1,0,0,0,0,1,0,1,0,1,1,0,1,0,1,1,1,2,0,0,0,1,0,1,1,1,1,1,1,0,0,1,0,0,1,0,1,1,0,1,1,1,1,0,1,0,0,0,0,0.769668517299516
0,0,0,0,0,0,2,0,2,0,2,0,2,1,2,2,2,2,0,0,0,2,0,2,2,1,1,0,0,0,0,0,0,0,0,0,0,1,2,0,2,0,0,2,0,2,0,0,1,0,0,1,1,2,1,1,2,2,1,0,0,0,0,0,0,0,1,0,2,0,0,2,1,2,0,0,2,2,0,0,2,0,2,2,2,0,0,1,0,1,1,0,2,1,0,0,2,0,1,0,0,0,0,0,0,1.58394680763384
2,2,2,2,2,2,0,1,2,1,2,2,1,2,2,2,2,2,2,2,0,2,0,2,2,2,2,2,1,2,1,0,0,0,2,0,0,2,2,0,2,2,2,1,0,2,1,0,2,2,0,2,2,2,1,2,0,2,2,0,0,2,0,2,0,1,1,0,2,0,2,0,2,2,0,1,0,0,1,2,0,2,0,0,0,0,0,2,0,2,2,0,0,0,1,2,0,0,2,1,2,0,0,0,0,0.48120606098547
0,0,0,0,0,0,2,0,1,0,1,0,2,0,1,1,1,1,0,0,0,1,0,1,1,0,0,0,0,0,0,1,1,1,0,1,1,1,1,1,0,0,1,0,1,0,0,1,1,1,1,1,0,1,0,1,1,0,0,0,0,1,1,1,1,1,1,1,1,1,1,1,1,1,0,0,1,1,0,1,1,1,1,1,1,0,0,1,0,1,1,0,1,1,0,1,1,1,1,0,1,1,0,0,0,1.24734125396045
1,1,1,1,1,1,1,1,1,1,1,1,1,1,1,1,1,1,1,1,0,1,0,1,1,1,1,1,0,0,0,1,1,1,1,1,1,1,1,1,0,0,2,0,1,0,1,1,0,2,1,1,0,2,0,2,0,0,1,0,0,2,1,2,1,2,1,1,1,2,2,0,2,0,0,1,0,0,0,2,0,2,0,0,0,0,1,2,1,2,2,0,0,0,1,2,0,0,2,0,2,1,1,0,0,1.09632744481828
0,0,0,0,0,0,2,0,0,0,0,0,2,0,0,0,0,0,0,0,0,0,0,0,0,0,0,0,0,0,0,2,2,2,0,2,2,0,0,2,0,0,2,0,2,0,1,2,0,2,2,0,0,1,0,2,0,0,0,0,0,2,2,2,2,2,0,2,0,1,2,0,2,1,0,0,0,0,0,2,0,0,0,0,0,0,0,2,0,2,2,0,0,0,0,2,0,0,2,0,2,1,0,0,0,5.37271649377653
1,1,1,1,1,1,1,0,1,1,1,1,2,1,1,1,1,1,1,1,0,1,0,1,1,1,1,0,0,0,0,1,1,1,1,1,1,1,1,1,0,0,2,0,1,0,1,1,0,2,1,1,1,1,1,2,0,0,0,0,0,2,1,2,1,2,1,1,1,1,2,0,2,1,0,0,0,0,0,2,0,1,0,0,0,0,0,2,0,2,2,0,0,0,0,2,0,0,2,0,2,1,0,0,0,1.0528112853579399
2,2,2,2,2,2,0,2,2,1,2,2,0,2,2,2,2,2,2,2,0,2,0,2,2,2,2,2,2,1,2,0,0,0,2,0,0,1,2,0,1,1,2,1,0,1,2,0,1,2,0,1,2,2,1,2,0,1,1,2,2,2,0,2,0,0,1,0,2,0,2,0,2,2,0,1,0,0,0,2,0,2,0,0,0,0,0,2,0,2,2,0,0,0,0,2,0,0,2,0,2,1,0,0,0,-0.27900443586136303
1,1,1,1,1,1,1,1,1,1,1,1,1,1,1,1,1,1,1,0,0,1,0,1,1,1,1,0,1,0,0,1,1,1,0,1,1,0,1,1,0,0,2,0,1,1,1,1,0,2,1,0,0,1,1,1,0,0,0,0,0,2,0,1,0,1,0,0,0,1,2,0,1,1,0,0,0,0,0,2,0,1,0,0,0,0,0,1,0,1,1,0,0,1,0,1,0,0,1,0,2,0,0,0,0,2.3585019036723702
1,1,1,1,1,1,1,2,2,1,2,1,0,1,2,2,2,2,1,1,0,2,0,2,2,1,1,0,2,1,2,0,0,0,0,0,0,1,2,0,2,0,1,2,0,1,2,0,2,1,0,2,1,2,1,1,1,2,1,0,1,1,0,1,0,0,2,0,2,0,1,0,1,2,0,0,0,0,0,2,1,1,1,1,1,0,0,1,0,1,1,0,1,1,1,1,1,0,1,0,2,0,0,0,0,0.707365811672744
1,1,1,1,1,1,1,2,1,1,1,1,0,1,1,2,2,2,2,0,0,2,0,1,1,1,2,1,1,1,0,0,0,0,1,0,0,1,2,0,2,0,1,2,0,2,2,0,2,1,0,1,1,1,0,1,0,1,1,0,0,2,0,1,0,0,0,0,2,0,2,0,1,2,0,0,0,0,0,1,1,0,0,0,0,0,0,0,0,1,1,0,0,0,0,0,0,1,1,0,1,1,0,0,0,0.7240952196399041
1,1,1,1,1,1,1,1,2,1,1,1,1,1,2,2,2,2,1,1,0,2,0,2,1,1,1,0,1,1,0,0,0,0,0,0,0,1,2,0,2,0,1,2,0,2,1,0,2,1,1,2,0,1,0,1,1,2,1,0,0,1,0,1,0,0,1,0,1,0,1,1,2,2,0,0,1,1,0,1,1,2,1,1,1,0,1,1,1,1,2,0,1,0,0,2,1,0,2,0,1,0,0,0,0,0.81035712148772
2,2,2,2,1,2,0,1,2,1,2,1,0,2,2,2,2,2,2,1,0,2,0,2,2,2,2,2,1,1,1,0,0,0,1,0,0,1,2,0,2,0,2,2,0,2,1,0,2,2,0,1,2,2,1,2,0,2,1,2,2,2,0,2,0,0,1,0,1,1,2,0,2,1,0,1,0,0,1,2,0,2,0,0,0,1,0,2,0,2,2,0,0,0,1,2,0,0,1,1,2,0,0,0,0,-0.323386219334536
1,1,1,1,1,1,1,1,2,1,1,0,1,0,2,2,2,2,1,0,0,2,0,2,2,0,0,0,1,1,1,0,0,0,0,0,0,1,2,0,1,0,1,1,0,2,1,0,2,1,1,1,0,2,0,0,1,2,1,1,1,1,0,0,0,0,1,0,1,0,1,1,1,2,0,1,1,1,0,1,1,1,1,1,1,0,0,1,0,0,1,0,1,1,0,1,1,0,1,0,1,0,0,0,0,0.846073844009009
1,1,1,1,1,1,1,1,1,1,1,0,1,1,1,1,1,1,0,1,0,1,0,0,1,1,1,0,0,0,0,1,1,1,0,1,1,1,1,1,0,1,2,0,1,1,1,1,0,2,1,1,0,1,0,2,0,0,0,0,0,2,0,2,1,2,1,1,0,1,2,0,2,1,0,0,0,0,0,2,0,2,0,0,0,0,1,2,1,2,2,0,0,0,0,2,0,0,2,0,2,1,0,0,0,0.819723344464894
0,0,0,0,0,1,1,0,0,0,0,0,1,1,0,1,1,1,0,0,0,1,0,1,0,1,1,0,0,0,0,2,1,1,0,1,1,0,1,1,0,0,1,0,2,1,1,1,0,1,1,1,2,1,0,1,1,0,0,0,0,1,0,1,1,1,0,0,1,1,1,0,2,1,0,0,0,1,0,1,1,2,0,0,0,0,0,2,0,1,2,0,0,0,0,2,0,0,2,0,1,1,0,0,1,2.27765977988323
0,0,0,0,0,0,2,0,1,0,1,0,2,0,1,1,0,1,0,0,0,1,0,1,1,0,0,0,0,0,0,1,1,1,0,1,1,1,1,1,0,0,1,0,1,0,1,1,0,1,2,1,0,1,0,1,1,0,0,0,0,1,1,1,1,1,1,1,1,0,1,1,2,2,0,0,1,1,0,1,1,2,1,1,1,1,0,2,0,1,2,0,1,0,0,2,1,0,2,0,1,1,0,0,0,1.92687229621191
1,1,1,1,1,1,1,1,1,1,1,0,1,1,1,1,1,1,1,1,0,1,0,1,1,1,1,0,1,0,1,1,1,1,0,1,1,1,1,1,0,0,2,0,1,0,1,1,0,2,1,2,0,1,1,1,0,0,0,0,0,2,0,1,0,1,1,0,0,1,2,0,2,1,0,0,0,0,0,2,0,2,0,0,0,0,1,2,1,1,2,0,0,0,0,2,0,0,2,0,2,0,0,0,1,2.08453004009991
1,1,1,1,1,1,1,1,1,1,2,0,1,1,2,2,2,2,0,0,0,2,0,2,2,1,1,0,1,1,0,0,0,0,0,0,0,1,2,0,1,1,1,1,0,2,1,0,2,1,0,1,1,2,0,1,1,2,1,0,0,1,0,1,0,0,1,0,1,0,1,1,1,2,0,0,1,1,0,1,1,1,1,1,1,0,0,1,0,1,1,0,1,1,0,1,1,0,1,0,0,0,0,0,0,1.5674082919486299
1,1,1,1,1,1,1,2,1,1,1,0,0,1,1,1,1,1,1,0,0,1,0,1,1,1,1,0,1,1,0,1,1,1,0,1,1,1,1,1,0,0,2,0,1,0,2,0,1,2,0,1,0,1,0,1,0,0,0,0,0,2,0,1,0,1,1,0,0,2,2,0,1,1,0,1,0,0,1,2,0,0,0,0,0,0,1,1,1,1,1,0,0,1,1,1,0,0,1,1,2,1,0,0,0,0.45701627305634795
1,1,1,1,1,1,1,1,2,1,2,0,1,0,2,2,2,2,1,1,0,2,0,2,1,0,0,1,1,1,1,0,0,0,1,0,0,1,2,0,1,1,1,1,0,2,1,0,2,1,1,2,0,1,0,0,1,2,1,0,1,1,0,0,0,0,1,0,1,0,1,1,1,2,0,0,1,1,0,1,1,1,1,1,1,0,0,1,0,0,1,0,1,1,0,1,1,0,1,0,1,0,0,0,0,0.0337284897616346
1,1,1,1,1,1,1,1,2,1,2,0,1,2,2,2,2,2,1,0,0,2,0,2,1,2,2,0,0,1,0,0,0,0,0,0,0,1,2,0,1,0,1,1,0,1,1,0,2,1,0,1,1,2,1,2,1,1,0,0,0,1,0,2,0,1,1,0,1,0,1,1,2,2,0,1,1,1,0,1,1,1,1,1,1,0,1,1,1,2,2,0,1,0,1,2,1,0,2,0,1,1,0,0,0,0.977867222862335
1,1,1,1,1,1,1,1,2,1,2,1,1,1,2,2,2,2,1,0,0,2,0,2,2,1,1,0,1,1,1,0,0,0,0,0,0,1,2,0,2,1,1,2,0,2,1,0,2,1,1,1,0,2,0,1,1,2,1,0,0,1,0,1,0,0,1,0,2,0,1,1,1,2,0,0,1,1,0,1,1,0,1,1,1,0,1,2,1,1,2,0,1,0,0,2,1,0,1,0,1,0,0,0,0,0.536366945549874
0,0,0,0,0,0,2,0,1,0,1,0,2,0,1,1,1,1,0,0,0,1,0,1,1,0,0,0,1,0,0,1,0,1,0,1,1,0,1,1,0,0,1,0,1,0,0,1,0,1,1,1,0,1,0,0,1,0,0,0,0,1,0,0,0,1,1,0,0,0,1,1,1,2,0,0,1,1,0,1,1,1,1,1,1,0,0,1,0,0,1,0,1,1,0,1,1,0,1,0,1,1,0,0,0,0.8564753509310029
0,0,1,0,0,1,0,0,1,0,1,0,2,0,1,1,1,1,0,0,1,1,0,1,1,0,0,0,0,0,0,0,0,0,0,0,0,1,1,0,0,0,1,0,1,1,1,0,0,1,0,0,0,1,0,0,0,0,0,0,0,2,0,0,0,2,0,0,1,0,2,0,0,2,1,0,0,0,0,2,1,0,0,0,0,0,0,0,0,0,0,0,0,0,0,0,0,0,0,0,2,1,0,1,0,1.1993933429264299
0,0,2,1,0,1,0,0,2,0,2,0,2,0,2,2,2,2,0,0,0,2,0,2,2,0,0,0,0,0,0,0,0,0,0,0,0,1,2,0,1,0,2,1,1,1,1,0,2,2,0,1,0,0,0,0,1,1,1,0,0,1,0,0,0,1,1,0,2,0,1,0,0,2,1,1,1,1,1,1,2,0,0,0,0,0,0,0,0,0,0,0,0,0,1,0,0,0,0,0,1,0,0,0,0,0.364177589420309
0,0,1,0,0,1,0,1,1,0,1,0,1,1,1,1,1,1,0,0,0,1,0,1,1,0,0,0,0,0,0,0,0,0,0,0,0,1,1,0,0,0,1,0,1,1,1,0,0,1,0,1,0,1,0,1,0,0,0,0,0,2,0,0,1,2,1,0,1,1,2,0,1,1,0,1,0,0,0,2,1,0,0,0,0,0,0,1,0,1,1,0,0,0,0,1,0,0,1,0,2,1,0,1,0,1.30159682241175
0,0,0,0,0,0,0,0,1,0,1,0,1,1,1,1,1,0,0,0,0,1,0,0,1,1,1,0,0,0,0,0,0,1,0,0,0,1,0,0,0,0,0,0,0,0,0,0,1,0,0,1,0,1,0,1,2,0,0,0,0,0,0,1,0,0,1,0,2,0,2,0,1,2,1,0,0,1,0,0,1,0,0,0,0,0,1,1,1,1,0,0,0,0,0,1,0,0,1,0,0,0,0,0,0,1.02260280833662
0,0,0,0,0,0,0,0,0,0,0,0,1,0,0,0,0,0,0,0,0,0,1,0,0,0,0,0,0,0,0,0,0,0,0,0,0,0,0,0,0,0,0,0,0,0,0,0,0,1,0,0,0,0,0,0,1,0,0,0,0,0,0,0,0,1,0,0,1,0,2,0,0,2,0,0,0,0,0,1,0,0,0,0,0,0,0,0,0,0,0,0,0,0,0,0,0,0,0,0,1,1,0,0,0,1.9828103620934798
0,0,0,0,0,0,0,0,0,0,0,0,1,1,0,0,0,0,1,0,1,0,0,0,0,0,0,0,0,0,0,0,0,0,0,0,0,0,0,0,0,0,0,0,0,0,1,0,0,0,0,0,0,0,0,1,1,0,0,0,0,0,0,0,0,1,1,0,0,2,2,0,1,0,0,0,0,0,0,1,0,0,0,0,0,0,0,0,0,0,1,0,0,0,0,0,0,0,1,0,1,1,1,0,0,2.14840101974635
1,1,1,1,1,1,0,1,1,1,1,0,1,1,0,1,1,1,0,0,0,1,0,1,1,1,1,0,0,1,0,0,0,0,0,0,0,1,1,0,1,0,1,0,0,1,1,0,1,1,0,1,0,1,1,1,0,0,1,0,0,2,0,1,0,2,1,0,0,0,2,0,1,2,1,0,0,0,0,2,0,1,0,0,0,0,1,1,1,1,1,0,0,0,0,1,0,0,1,0,2,1,0,0,0,0.397883616323564
0,0,0,0,0,0,0,0,0,0,0,0,2,1,0,0,0,0,0,0,1,0,1,0,0,1,1,0,0,0,0,0,0,0,0,0,0,0,0,0,0,0,0,0,0,0,1,0,0,0,0,0,1,1,0,1,0,0,0,0,0,2,0,1,0,2,0,0,0,1,2,0,1,1,1,0,0,0,0,2,0,1,0,0,0,0,0,1,0,1,1,0,0,0,0,1,0,0,1,0,2,1,0,0,0,1.3649967554226001
1,1,1,1,1,1,0,1,1,1,0,1,0,1,1,1,1,1,1,0,0,1,0,1,1,1,1,0,0,1,0,0,0,0,0,0,0,1,1,0,0,0,1,0,0,0,1,0,0,1,0,1,0,1,1,1,1,0,0,0,0,1,0,1,0,1,1,0,1,0,2,0,1,1,0,0,0,0,0,1,0,1,0,0,0,0,1,1,1,1,1,0,0,0,0,1,0,0,1,0,1,0,0,0,0,0.18507149763843397
0,0,0,0,0,0,0,0,0,0,0,0,0,1,0,0,0,0,1,0,0,0,0,0,0,0,0,0,0,0,0,0,0,0,0,0,0,0,0,0,0,0,0,0,0,0,0,0,0,0,0,0,0,0,0,1,2,0,0,0,0,0,0,0,0,0,0,0,1,1,2,0,1,1,1,0,0,0,0,0,0,0,0,0,0,0,0,0,0,0,1,0,0,0,0,0,0,0,1,0,0,0,0,0,0,1.84940994886567
0,0,0,0,0,0,1,0,1,0,1,0,2,2,1,1,1,0,0,0,0,1,0,0,1,1,1,0,0,0,0,1,0,1,0,0,1,1,0,1,0,0,1,0,1,0,1,0,1,1,0,0,1,1,0,2,1,0,0,0,0,1,0,2,1,1,1,0,1,1,2,1,2,0,0,0,0,1,0,1,1,0,0,0,0,0,0,2,0,2,1,0,0,0,0,2,0,0,2,0,1,1,0,0,0,1.08536819487787
1,1,1,1,1,1,1,1,2,1,2,0,1,1,2,2,2,1,0,0,0,2,1,1,2,1,1,0,0,0,0,1,0,1,0,0,1,1,1,1,1,0,2,0,1,1,1,0,2,2,1,1,0,2,0,1,1,0,1,0,0,1,0,1,0,1,1,0,2,0,2,1,2,2,0,1,0,1,0,1,1,1,0,0,0,0,1,2,1,1,2,0,0,0,0,2,0,0,2,0,1,0,0,0,0,0.479539764509441
0,0,0,0,0,0,0,0,0,0,0,0,0,1,0,0,0,0,1,0,0,0,0,0,0,1,1,0,0,0,0,0,0,0,0,0,0,0,0,0,0,0,0,0,0,0,0,0,0,0,0,1,1,0,0,1,2,0,0,0,0,0,0,1,0,0,0,0,1,0,1,0,1,0,0,0,0,0,0,0,0,1,0,0,0,0,0,1,0,1,1,0,0,0,0,1,0,0,1,0,0,0,0,0,0,0.867367061904132
0,0,2,0,0,2,0,1,2,0,2,0,1,2,2,2,2,2,0,0,0,2,0,2,2,1,0,0,0,0,0,0,0,0,0,0,0,1,2,0,1,0,2,1,2,1,1,0,2,2,0,1,0,1,0,1,0,1,1,0,0,1,0,0,1,2,2,0,2,1,2,0,2,1,1,1,0,0,0,2,2,0,0,0,0,0,1,2,1,1,2,0,0,0,0,2,0,0,2,0,2,1,0,0,0,0.0403635564594922
0,1,1,1,1,1,0,1,1,1,1,0,1,1,1,1,1,1,1,0,0,1,1,1,1,1,0,0,0,1,0,0,0,0,1,0,0,1,1,0,1,0,1,0,0,1,1,0,1,1,0,1,0,0,0,0,0,0,0,0,0,2,0,0,0,2,1,0,0,1,2,0,1,1,0,0,0,0,0,2,0,0,0,0,0,0,1,1,1,0,1,0,0,0,0,1,0,0,1,0,2,1,0,0,0,0.852830573071841
0,0,0,1,0,0,1,0,0,0,1,0,2,0,0,1,1,1,0,0,0,1,0,1,0,0,0,0,0,0,0,1,0,0,0,0,0,0,0,1,0,0,1,0,1,0,1,0,1,1,0,0,0,1,0,0,0,0,0,0,0,2,0,0,0,1,0,0,1,0,2,0,0,1,0,1,0,1,0,1,1,0,0,0,0,0,0,0,0,0,0,0,0,0,0,0,0,0,0,0,1,0,0,0,0,0.589804554333707
0,0,1,1,0,0,0,0,1,0,1,0,1,0,1,1,1,1,0,0,0,1,2,1,1,0,0,0,0,0,0,0,0,0,0,0,0,0,1,0,0,0,1,0,0,0,0,0,1,1,0,0,0,0,0,0,2,0,0,0,0,0,0,0,0,0,0,0,2,0,1,0,0,2,0,1,0,1,1,0,1,0,0,0,0,0,0,0,0,0,0,0,0,0,1,0,0,0,0,0,0,1,0,0,0,1.69047278428902
0,0,1,1,0,1,0,0,1,0,1,0,2,0,1,1,1,1,0,0,0,1,0,1,1,0,0,0,0,0,0,0,0,0,0,0,0,0,1,0,0,0,1,0,0,0,1,0,1,1,0,0,0,0,0,0,1,0,0,0,0,1,0,0,0,1,0,0,1,0,1,0,0,1,0,1,1,1,0,1,1,0,0,0,0,0,0,0,0,0,0,0,0,0,0,0,0,0,0,0,1,2,0,0,0,2.7879363567865596
2,2,2,2,2,2,0,1,2,1,2,2,0,1,2,2,2,2,2,1,0,2,0,2,2,2,2,1,1,1,0,0,0,0,1,0,0,1,2,0,1,1,2,1,0,1,1,0,2,2,0,1,1,1,1,2,1,1,1,0,0,1,0,2,0,0,1,0,1,0,2,0,2,1,0,0,0,1,1,0,0,1,0,0,0,0,1,2,1,2,2,0,0,0,1,2,0,0,2,0,1,1,0,0,0,-0.29158327223003006
0,0,0,0,0,0,0,0,0,0,0,0,2,0,0,0,0,0,0,0,0,0,1,0,0,0,0,0,0,0,0,0,0,0,0,0,0,0,0,0,0,0,0,0,0,0,1,0,0,0,0,0,0,0,0,0,0,0,0,0,0,2,0,0,0,2,0,0,0,0,2,0,0,2,0,0,0,0,0,2,0,0,0,0,0,0,0,0,0,0,0,0,0,0,0,0,0,0,0,0,2,0,0,0,0,1.22583487931392
0,0,0,0,0,0,0,0,0,0,0,0,1,0,0,0,0,0,0,0,0,0,0,0,0,0,0,0,0,0,0,0,0,0,0,0,0,0,0,0,0,0,0,0,0,0,1,0,0,1,0,0,0,0,0,0,1,0,0,0,0,1,0,0,0,1,0,0,1,1,2,0,0,1,0,0,0,0,0,1,0,0,0,0,0,0,0,0,0,0,0,0,0,0,0,0,0,0,0,0,1,1,0,0,0,0.944222522357861
1,1,1,1,1,1,0,1,1,1,1,0,1,1,1,1,1,1,0,0,0,1,0,1,1,1,1,0,1,0,1,0,0,0,0,0,0,1,1,0,0,0,1,0,0,0,1,0,0,1,0,1,1,1,1,1,0,0,0,0,0,2,0,1,0,1,1,0,0,0,2,0,1,2,0,0,0,0,0,2,0,0,0,0,0,0,0,1,0,1,0,0,0,0,0,1,0,0,1,0,2,0,0,0,0,1.33043783328581
0,0,1,1,0,1,1,1,1,0,1,0,0,1,1,2,2,2,0,0,0,2,0,2,1,0,0,1,0,0,0,1,0,0,0,0,0,1,1,1,1,0,2,1,2,1,1,0,1,2,0,1,0,1,0,1,0,1,2,0,0,2,0,0,1,1,0,0,2,0,2,1,1,2,2,0,0,1,0,1,2,0,0,0,0,0,0,1,0,1,1,0,0,0,0,0,0,0,1,0,2,2,0,0,0,1.87185030336452
0,0,1,0,0,0,0,0,1,0,1,0,2,1,1,1,1,1,0,0,0,1,0,1,1,0,0,0,0,0,0,0,0,0,0,0,0,1,1,0,0,0,1,0,1,0,0,0,1,1,0,1,0,1,0,1,0,0,1,0,0,2,0,0,0,2,0,0,1,0,1,0,0,2,1,0,0,0,0,2,1,0,0,0,0,0,0,1,0,0,1,0,0,0,0,1,0,0,1,0,2,0,0,0,0,0.22322441534253
0,0,2,0,0,2,0,0,2,0,2,0,0,0,2,2,2,2,0,0,1,2,0,2,2,0,0,0,0,1,0,0,0,0,0,0,1,2,2,0,1,0,2,1,2,1,1,0,1,2,0,2,0,0,0,0,0,0,1,0,0,0,0,0,0,0,2,0,2,0,2,0,0,2,1,0,0,2,0,0,2,0,0,0,0,0,0,0,0,0,0,0,0,0,0,0,0,0,0,0,0,0,0,0,0,0.40352313512255295
1,1,2,1,1,2,0,2,2,1,2,1,0,2,2,2,2,2,1,1,0,2,1,2,2,1,1,1,1,2,0,0,0,0,1,0,0,1,2,0,2,1,2,2,1,2,2,0,2,2,0,1,1,2,1,2,0,2,1,0,0,2,0,1,1,1,1,0,1,0,1,0,2,2,0,0,0,0,0,2,1,1,0,0,0,0,0,2,0,2,2,0,0,0,0,2,0,0,2,0,2,1,0,0,0,0.440910000877661
1,1,1,1,1,1,0,1,1,1,1,1,1,1,1,1,1,1,1,1,0,1,0,1,1,1,1,0,1,0,0,0,0,0,0,0,0,1,1,0,0,1,1,0,0,1,1,0,1,1,0,1,1,1,1,1,0,0,0,0,0,2,0,1,0,1,1,0,0,1,2,0,1,1,1,0,0,0,0,2,0,1,0,0,0,0,0,1,0,1,1,0,0,0,0,1,0,0,1,0,1,1,0,0,0,0.872019341841478
0,0,1,0,0,1,0,0,1,0,0,0,1,0,1,1,1,1,0,0,0,1,1,1,1,0,0,0,0,0,0,0,0,0,0,0,1,0,1,0,0,0,1,0,1,0,0,0,1,1,0,1,0,1,0,0,0,0,0,0,0,1,0,0,0,1,1,0,1,0,2,0,0,2,1,0,0,1,0,1,1,0,0,0,0,0,0,0,0,0,0,0,0,0,0,0,0,0,0,0,1,1,0,1,0,1.6722379168063302
0,0,1,0,0,1,0,0,1,0,1,0,2,0,0,1,1,1,0,0,0,1,0,1,1,0,0,0,0,0,0,0,0,0,0,0,0,0,1,0,0,0,1,1,1,0,0,0,1,1,0,1,0,0,0,0,0,0,1,0,0,2,0,0,0,2,1,0,1,0,2,0,0,2,0,0,0,0,0,2,1,0,0,0,0,0,0,0,0,0,0,0,0,0,0,0,0,0,0,0,2,1,0,0,0,0.5484506638718339
1,1,2,2,1,1,0,1,2,1,2,1,1,1,2,2,2,2,1,0,0,2,0,2,2,1,1,0,1,1,0,0,0,0,0,0,0,1,2,0,1,0,2,1,0,1,1,0,2,2,0,2,1,2,0,1,1,1,2,0,0,1,0,1,0,0,0,0,2,0,1,0,1,1,1,0,0,1,0,1,1,0,0,0,0,0,0,1,0,1,1,0,0,0,0,1,0,0,1,0,1,0,0,0,0,0.643455425001823
0,0,0,0,0,0,0,0,1,0,1,0,2,0,0,1,1,1,1,0,0,1,0,1,1,0,0,0,0,1,0,0,0,0,0,0,1,0,1,0,1,0,0,1,1,1,1,0,1,1,0,1,0,1,0,0,0,1,1,0,1,2,0,0,0,2,1,0,0,0,2,0,0,2,0,0,0,0,0,2,1,0,0,0,0,0,0,0,0,0,0,1,0,0,0,0,1,0,0,0,2,2,1,0,0,0.614718340339783
1,0,1,1,0,0,0,0,0,0,0,0,1,1,0,0,0,1,1,0,0,0,0,1,0,0,0,0,0,0,0,0,0,0,0,0,0,0,0,0,0,1,1,1,0,0,1,0,1,1,0,0,0,0,0,1,1,1,0,0,1,1,0,0,0,1,1,0,0,1,2,0,1,1,0,0,0,0,0,1,0,1,0,0,0,0,0,0,0,0,1,1,0,0,0,0,1,0,1,0,1,1,0,0,0,1.03705755403808
0,0,1,0,0,1,0,0,1,0,1,0,2,0,1,1,1,1,0,0,0,1,1,1,1,0,0,0,0,0,0,0,0,0,0,0,0,1,1,0,0,0,1,0,1,0,0,0,0,1,0,0,0,1,0,0,0,0,0,0,0,2,0,0,0,2,0,0,1,0,2,0,0,2,2,0,0,0,0,2,1,0,0,0,0,0,0,0,0,0,0,0,0,0,0,0,0,0,0,0,2,1,0,0,0,0.57276420481779
0,0,0,0,0,0,0,0,0,0,0,0,0,1,0,0,0,0,1,0,0,0,0,0,0,0,0,0,0,0,0,0,0,0,0,0,0,0,0,0,0,0,0,0,0,0,0,0,0,0,0,0,0,0,0,1,2,0,0,0,0,0,0,0,0,0,1,0,1,1,2,0,1,1,0,0,0,0,0,0,0,0,0,0,0,0,0,0,0,0,1,0,0,0,0,0,0,0,1,0,0,1,1,0,0,1.26029883995223
0,0,0,1,0,1,1,1,1,0,1,0,1,1,1,2,2,2,0,0,0,2,0,2,1,1,1,0,0,0,0,1,0,0,0,0,0,1,1,1,2,0,2,1,2,2,2,0,1,2,1,2,1,1,1,1,0,1,2,0,0,2,0,1,0,2,1,0,2,1,1,0,2,1,0,0,0,0,0,1,2,1,0,0,0,0,0,1,0,1,2,0,0,0,0,1,0,0,2,0,2,0,0,0,0,0.725887160622265
0,0,0,1,0,0,1,0,0,0,0,0,2,0,0,1,1,1,0,0,0,1,0,1,0,0,0,0,0,0,0,1,0,0,0,0,0,0,0,1,0,0,1,0,1,0,0,0,1,1,1,1,0,0,0,0,0,0,0,0,0,1,0,0,0,2,1,0,0,1,1,0,1,1,0,0,0,0,0,2,1,0,0,0,0,0,0,0,0,0,1,0,0,0,0,0,0,0,1,0,2,2,0,0,0,2.39240489980852
0,0,0,2,0,0,2,0,0,0,1,0,2,0,0,2,2,2,0,0,0,2,0,2,0,0,0,0,0,0,0,2,0,0,0,0,0,0,0,2,1,0,2,0,2,1,1,0,2,2,1,1,0,0,0,0,0,0,1,0,0,2,0,0,0,1,0,0,2,0,1,0,1,1,0,0,0,1,0,0,2,1,0,0,0,0,0,0,0,0,1,0,0,0,0,0,0,0,1,0,1,1,0,0,0,0.8622511862946659
0,0,0,0,0,0,0,1,2,0,2,0,0,1,1,2,2,1,1,0,1,1,0,1,1,1,0,1,0,1,0,0,0,1,0,0,0,1,1,0,2,0,1,2,1,2,1,0,2,1,0,1,0,0,0,1,1,2,1,0,1,0,0,1,1,0,1,0,1,0,2,0,1,1,0,1,0,2,0,0,2,0,0,0,0,0,1,1,1,1,2,0,0,0,0,1,0,0,2,0,0,1,0,0,0,0.6381207608200979
1,1,1,2,1,1,1,1,1,1,2,0,1,1,1,2,2,2,0,0,0,2,1,2,1,1,1,0,1,0,0,1,0,0,0,0,0,0,1,1,0,0,2,0,1,0,1,0,0,2,0,1,1,1,1,1,0,0,0,0,0,1,0,1,0,0,1,0,0,0,2,0,1,1,0,0,0,1,0,1,1,1,0,0,0,0,0,1,0,1,1,0,0,0,0,1,0,0,1,0,1,0,0,0,0,-0.34281048773161105
0,0,2,0,0,2,0,0,2,0,2,0,2,0,1,2,2,2,0,0,0,2,0,2,2,0,0,0,0,0,0,0,0,0,0,0,0,1,2,0,0,0,2,1,2,2,1,0,1,2,0,1,0,1,0,0,0,0,1,0,0,2,0,0,0,2,1,0,2,0,2,0,0,2,0,0,0,0,0,2,2,0,0,0,0,0,0,0,0,0,0,0,0,0,0,0,0,0,0,0,2,1,0,0,0,0.9703461976583001
1,1,0,2,1,0,1,1,1,1,1,0,0,1,1,2,2,2,1,0,0,1,0,2,1,1,1,1,1,1,1,1,0,0,1,0,0,1,0,1,2,1,2,2,1,2,1,0,2,2,0,1,1,1,0,1,0,2,1,0,0,2,0,1,0,0,0,0,1,0,1,1,1,2,1,0,0,1,1,1,1,0,0,0,0,0,0,1,0,1,1,1,0,0,1,1,1,0,1,0,2,0,0,0,0,0.349730379149699
1,1,0,2,1,0,1,1,1,1,1,0,0,1,1,2,2,2,1,0,0,1,0,2,1,1,1,1,0,1,0,1,0,0,1,0,0,1,1,1,2,1,2,2,1,2,2,0,2,2,0,1,0,1,1,1,0,2,1,0,0,2,0,1,0,1,1,0,1,1,2,1,1,0,0,0,0,1,1,1,1,0,0,0,0,0,1,1,1,1,1,0,0,0,1,1,1,0,1,0,2,0,0,0,0,1.27921062543691
0,0,1,0,0,0,0,1,2,0,2,0,0,1,2,2,2,2,0,0,0,2,0,2,2,1,1,0,0,1,0,0,0,0,0,0,0,2,1,0,1,0,2,1,2,2,1,0,1,2,0,2,1,1,1,1,0,1,1,0,0,1,0,1,0,1,2,0,2,1,2,0,1,1,0,0,0,1,0,1,2,0,0,0,0,1,0,1,0,1,1,0,0,0,1,1,0,0,1,0,1,0,0,0,0,0.358031450560324
0,0,0,0,0,0,0,0,0,0,0,0,0,0,0,0,0,0,1,0,0,0,0,1,0,0,0,0,0,0,0,0,0,0,0,0,0,0,0,0,1,1,0,1,0,1,0,0,0,0,0,0,0,0,0,0,2,1,0,0,0,0,0,0,0,0,1,0,1,1,2,0,0,1,2,1,0,0,0,0,0,0,0,0,0,0,0,0,0,0,0,1,0,0,0,0,0,0,0,0,0,1,0,1,0,1.4286103711249798
0,0,2,1,0,2,0,0,2,0,2,0,2,1,2,2,2,2,0,0,0,1,1,2,2,0,0,0,0,0,0,0,0,0,0,0,0,1,2,0,0,0,2,0,1,0,0,0,1,2,0,1,0,2,0,1,1,0,1,0,0,1,0,1,1,1,1,0,2,0,2,0,1,2,0,0,1,1,0,1,2,0,0,0,0,0,0,1,0,0,1,0,0,0,0,1,0,0,1,0,1,1,0,0,0,0.7439837763742009
1,1,1,1,1,1,0,1,1,1,1,1,1,1,1,1,1,1,1,0,0,1,0,1,1,1,1,1,0,0,0,0,0,0,1,0,0,1,1,0,0,0,1,0,0,0,1,0,1,1,0,1,0,0,1,1,1,0,0,0,0,1,0,1,0,1,1,0,1,0,1,0,1,1,0,1,0,0,1,1,0,1,0,0,0,0,1,1,1,1,1,0,0,0,1,1,0,0,1,0,1,2,0,0,0,0.7943875666849001
0,0,2,0,0,2,0,1,2,0,2,0,0,1,2,2,2,2,0,0,0,2,0,2,2,0,0,0,0,0,0,0,0,0,0,0,0,2,2,0,1,0,2,1,2,1,1,0,1,2,0,1,0,1,0,1,0,0,1,0,0,1,0,0,1,1,2,0,2,0,2,0,1,2,0,1,0,1,0,1,2,0,0,0,0,0,0,1,0,1,1,0,0,0,0,1,0,0,1,0,1,0,0,0,0,0.549110454247302
0,0,0,0,0,0,0,0,0,0,0,0,1,0,0,0,0,0,0,0,0,0,0,0,0,0,0,0,0,0,0,0,0,0,0,0,0,0,0,0,0,0,0,0,0,0,0,0,0,0,0,0,0,1,0,0,1,0,0,0,0,0,0,0,0,1,0,0,1,0,2,0,0,2,1,0,0,0,0,1,0,0,0,0,0,0,0,0,0,0,0,0,0,0,0,0,0,0,0,0,1,1,0,2,0,6.09264882897492
0,0,1,1,0,1,0,0,1,0,1,0,2,1,1,1,1,1,0,0,0,0,1,1,1,0,0,0,0,0,0,0,0,0,0,0,0,0,1,0,0,0,1,0,0,0,1,0,0,1,0,0,0,1,1,1,1,0,0,0,0,0,0,1,1,1,0,0,0,0,2,1,1,2,0,0,0,1,0,1,1,0,0,0,0,0,0,1,0,1,0,0,0,0,0,1,0,0,1,0,1,0,0,0,0,1.9567564566301199
0,0,0,0,0,0,0,0,0,0,0,0,2,1,0,0,0,0,1,0,0,0,0,0,0,1,1,0,0,0,0,0,0,0,0,0,0,0,0,0,0,1,0,1,0,1,0,0,1,0,0,0,1,1,0,1,0,1,0,0,0,1,0,1,0,2,1,0,0,1,2,0,1,1,1,0,0,0,0,2,0,1,0,0,0,0,0,1,0,1,0,0,0,0,0,1,1,0,1,0,2,0,1,0,0,0.931083267447681
1,1,1,1,1,1,0,1,1,1,1,0,1,0,1,1,1,1,0,0,0,1,0,1,1,0,0,0,1,0,0,0,0,0,0,0,0,1,1,0,0,0,1,0,0,0,1,0,0,1,0,1,0,1,1,0,0,0,0,0,0,2,0,0,0,1,1,0,0,0,2,0,0,2,0,0,0,0,0,2,0,0,0,0,0,0,0,0,0,0,0,0,0,0,0,0,0,0,0,0,2,0,0,1,0,0.617305290201925
0,0,0,1,0,0,1,1,0,0,0,0,1,0,0,1,1,1,0,0,0,1,0,1,0,0,0,0,1,0,0,1,0,0,0,0,0,0,0,1,1,0,1,1,1,1,2,0,1,1,2,1,0,0,0,0,1,1,0,0,0,2,0,0,0,1,0,0,0,0,2,0,1,0,1,0,0,0,0,2,1,0,0,0,0,0,0,1,0,0,2,0,0,0,0,1,1,0,1,0,2,2,0,0,0,1.16391404223352
0,0,0,0,0,1,0,1,1,0,1,0,0,0,1,1,1,1,0,0,0,1,0,1,1,0,0,0,0,1,0,0,0,0,0,0,0,1,1,0,1,1,1,1,1,0,0,0,1,1,0,1,0,1,0,0,1,1,1,0,1,1,0,0,0,1,1,0,1,1,1,0,0,1,0,0,0,0,0,1,1,0,0,0,0,0,0,0,0,0,0,0,0,0,0,1,1,0,0,0,0,1,0,0,0,0.682721201954168
1,1,1,1,1,1,0,1,1,0,1,1,0,2,1,1,1,1,1,1,0,1,1,1,1,1,1,0,0,1,0,0,0,0,1,0,0,1,1,0,0,0,1,1,0,0,1,0,0,1,0,1,0,1,0,2,1,0,1,0,0,1,0,0,0,1,1,0,2,1,2,0,2,1,1,0,0,0,0,1,0,0,0,0,0,0,1,1,1,1,2,0,0,0,0,1,0,0,2,0,1,1,0,0,0,0.7646922061695149
0,0,0,0,0,0,0,0,0,0,0,0,0,0,0,0,0,0,0,0,0,0,1,0,0,0,0,0,0,0,0,0,0,0,0,0,0,0,0,0,0,0,0,0,0,0,0,0,0,0,0,0,0,0,0,0,2,0,0,0,0,0,0,0,0,0,1,0,1,1,1,0,0,0,0,0,0,0,0,0,0,1,0,0,0,0,0,0,0,0,0,0,0,0,0,0,0,0,0,0,0,0,0,0,0,2.7184629269766
0,0,0,1,0,0,1,0,0,0,0,0,0,1,0,1,1,1,0,0,0,1,0,1,0,0,0,0,0,0,0,1,0,0,0,0,0,0,0,1,0,0,1,0,1,0,1,0,0,1,0,0,0,0,0,1,1,0,0,0,0,1,0,0,0,0,1,0,1,2,2,1,1,0,0,0,0,1,1,0,1,0,0,0,0,0,0,0,0,0,1,0,0,0,1,0,0,0,1,0,1,1,1,0,0,1.50703953196793
0,0,0,0,0,0,0,0,1,0,1,0,2,0,1,1,1,0,0,0,0,1,0,0,1,0,0,0,0,0,0,0,0,1,0,0,0,0,0,0,0,0,0,0,0,1,1,0,1,0,1,1,0,1,0,0,1,0,1,0,0,0,0,0,0,1,1,0,1,0,2,0,1,2,1,0,0,1,0,1,1,1,0,0,0,0,0,1,0,0,1,0,0,0,0,1,0,0,1,0,1,1,0,0,0,2.8860701642627204
0,0,1,0,0,1,0,1,2,0,2,0,0,1,1,2,2,2,0,0,0,1,0,2,1,1,1,1,0,1,0,0,0,0,0,0,0,1,2,0,2,0,2,2,2,2,1,0,2,2,0,1,0,1,0,1,0,2,1,0,1,1,0,0,0,1,1,0,1,0,2,0,1,2,0,0,0,1,0,1,2,0,0,0,0,0,1,1,1,1,1,0,0,0,0,1,0,0,1,0,1,1,0,0,0,0.31070633465386
0,0,0,1,0,1,1,1,1,0,1,0,1,1,1,2,2,2,0,0,1,2,0,2,1,0,0,0,0,1,0,1,0,0,0,0,0,1,1,1,2,1,2,2,2,2,1,0,2,2,1,1,0,1,0,1,0,2,1,0,1,2,0,0,1,2,1,0,1,0,1,0,1,2,2,1,0,0,0,1,2,0,0,0,0,0,0,1,0,0,2,0,0,0,0,1,1,0,2,0,2,2,0,0,0,0.449541907123911
0,0,0,0,0,0,0,0,0,0,0,0,2,0,0,0,0,0,0,0,0,0,0,0,0,0,0,0,0,0,0,0,0,0,0,0,0,0,0,0,0,0,0,0,0,0,1,0,0,0,0,0,0,0,0,0,0,0,0,0,0,1,0,0,0,2,0,0,0,1,2,0,0,1,1,0,0,0,0,2,0,0,0,0,0,0,0,0,0,0,0,0,0,0,0,0,0,0,0,0,2,0,0,1,0,2.74679051688681
0,1,1,1,1,0,0,1,1,1,1,1,1,1,1,1,1,0,1,1,0,1,1,1,1,1,0,1,0,0,0,0,0,0,0,0,0,0,1,0,0,1,1,0,0,0,1,0,0,1,0,0,0,1,0,0,0,0,0,0,0,1,0,0,0,2,0,0,1,1,2,0,1,1,0,0,0,0,0,2,0,0,0,0,0,0,1,1,1,1,0,0,0,0,0,0,0,0,0,0,2,1,0,0,0,2.3189648903220696
1,1,1,1,1,1,0,1,1,1,1,1,1,1,1,1,1,1,1,1,0,1,1,1,1,1,1,0,0,0,0,0,0,0,0,0,0,1,1,0,0,1,1,0,0,0,1,0,1,1,0,1,0,1,1,1,0,0,0,0,0,1,0,1,0,2,1,0,0,0,2,0,1,2,1,1,0,0,1,2,0,1,0,0,0,0,1,1,1,1,1,0,0,0,1,1,0,0,1,0,2,1,0,0,0,-0.09250298890246
1,1,1,1,1,1,0,1,1,1,1,1,1,1,1,1,1,1,1,1,0,1,0,1,1,1,1,1,1,0,0,0,0,0,1,0,0,1,1,0,0,1,1,0,0,0,1,0,0,1,0,1,1,1,1,1,0,0,0,0,0,1,0,1,0,1,1,0,1,0,2,0,1,1,0,0,0,0,0,2,0,1,0,0,0,0,0,1,0,1,1,0,0,0,0,1,0,0,1,0,2,1,0,1,0,0.38067590238189003
0,0,2,2,0,1,0,0,2,0,2,0,2,2,2,2,2,2,0,0,0,1,0,2,2,0,0,0,0,0,0,0,0,0,0,0,0,0,2,0,0,0,2,0,0,0,1,0,2,2,0,0,0,1,0,2,2,0,1,0,0,0,0,1,2,0,0,0,2,0,1,0,2,2,0,0,1,2,0,0,2,0,0,0,0,0,0,2,0,1,2,0,0,0,0,2,0,0,2,0,0,1,0,0,0,0.760377831615068
0,0,2,1,0,1,0,1,2,0,2,0,1,1,2,2,2,2,0,0,0,2,0,2,2,0,0,0,0,0,0,0,0,0,0,0,0,0,2,0,1,0,2,0,1,1,1,0,2,2,0,0,0,1,0,1,1,0,2,0,0,1,0,0,1,1,1,0,2,0,1,0,1,2,2,1,0,1,0,1,2,0,0,0,0,0,0,1,0,1,1,0,0,0,0,1,0,0,1,0,1,1,0,0,0,1.80096839297445
0,0,0,0,0,0,0,0,0,0,0,0,1,0,0,0,0,0,0,0,0,0,0,0,0,0,0,0,0,0,0,0,0,0,0,0,0,0,0,0,0,0,0,0,0,0,0,0,0,0,0,0,0,0,0,0,1,0,0,0,0,1,0,0,0,1,0,0,0,1,1,0,0,0,1,0,0,0,0,1,0,0,0,0,0,0,0,0,0,0,0,0,0,0,0,0,0,0,0,0,1,1,0,0,0,0.9279797478774441
0,0,2,1,0,1,1,1,2,0,2,0,0,0,2,2,2,2,0,0,0,2,0,1,2,0,0,0,0,0,0,0,0,0,0,0,1,2,2,1,0,0,1,0,1,1,1,0,1,2,0,2,0,2,0,0,1,0,1,0,0,0,0,0,0,0,2,0,2,0,2,0,1,2,0,0,1,2,0,0,2,0,0,0,0,0,0,0,0,0,1,0,0,0,0,0,0,0,0,0,0,1,0,0,0,1.63731409207266
0,0,1,0,0,1,0,0,1,0,1,0,0,0,1,1,1,1,0,0,0,1,0,1,1,0,0,0,0,0,0,0,0,0,0,0,0,1,1,0,0,0,1,0,1,0,1,0,0,1,0,1,0,1,0,0,1,0,0,0,0,0,0,0,0,0,1,0,1,0,1,0,0,1,0,0,0,1,0,0,1,0,0,0,0,0,0,0,0,0,0,0,0,0,0,0,0,0,0,0,0,1,0,0,0,2.12672530624297
0,0,0,0,0,1,0,1,1,0,0,0,1,1,0,1,1,1,0,0,0,1,0,1,1,0,0,1,0,0,0,0,0,0,0,0,0,1,1,0,1,1,1,1,1,1,0,0,1,1,0,1,0,1,0,1,0,1,1,0,1,1,0,0,1,2,1,0,1,0,2,0,1,2,0,0,0,0,0,1,1,0,0,0,0,0,0,1,0,1,0,0,0,0,0,1,1,0,1,0,2,1,1,0,0,1.2868105609484901
0,0,0,0,0,0,1,0,1,0,1,0,1,0,1,1,1,0,0,0,0,1,0,0,1,0,0,0,0,1,0,1,0,1,0,0,1,1,0,1,0,0,1,0,1,1,1,0,1,1,1,1,0,1,0,0,2,1,0,0,0,0,0,0,0,0,1,0,1,0,1,1,1,1,0,0,0,1,0,0,1,1,0,0,0,0,0,1,0,0,0,0,0,0,0,1,0,0,1,0,0,0,0,0,0,1.36332047451281
0,0,0,1,0,0,1,0,0,0,0,0,0,0,0,1,1,1,0,0,0,1,0,1,0,0,0,0,0,0,0,1,0,0,0,0,0,0,0,1,0,0,1,0,1,0,0,0,1,1,0,1,0,0,0,0,1,0,0,0,0,1,0,0,0,0,0,0,2,0,2,1,0,1,0,0,0,1,1,0,1,0,0,0,0,0,0,0,0,0,0,0,0,0,1,0,0,0,0,0,1,0,0,0,0,1.81905916261704
1,1,1,2,1,1,1,1,1,1,1,1,0,0,1,2,2,2,1,0,0,2,0,2,1,0,0,0,1,1,1,1,0,0,1,0,0,1,1,1,1,0,2,1,1,1,1,0,2,2,1,2,0,1,0,0,0,1,1,1,1,2,0,0,0,1,1,0,2,0,1,0,1,2,1,1,0,0,1,2,1,1,0,0,0,0,0,0,0,0,1,0,0,0,1,0,0,0,1,0,2,0,0,0,0,0.943272914212764
0,0,0,0,0,0,1,0,1,0,1,0,1,0,1,1,1,0,1,0,0,1,0,0,1,0,0,0,0,0,0,1,0,1,0,0,1,1,0,1,0,0,1,0,1,0,0,0,1,1,1,2,0,1,0,0,2,0,1,0,0,0,0,0,0,0,1,0,2,0,2,1,1,1,0,0,0,1,1,0,1,0,0,0,0,0,0,1,0,0,1,0,0,0,1,1,0,0,1,0,0,0,0,0,0,1.1363924993991001
0,0,0,0,0,0,0,0,0,0,0,0,1,0,0,0,0,0,0,0,0,0,0,0,0,0,0,1,0,0,0,0,0,0,0,0,0,0,0,0,0,0,0,0,0,0,0,0,0,0,0,0,0,0,0,0,1,0,0,0,0,1,0,0,0,1,1,0,0,0,1,0,0,1,1,1,0,0,0,1,0,0,0,0,0,0,0,0,0,0,0,0,0,0,0,0,0,0,0,0,1,1,0,0,0,1.9026741908843503
0,0,1,0,0,1,0,0,1,0,1,0,0,0,1,1,1,1,0,0,0,1,0,1,1,0,0,0,0,0,0,0,0,0,0,0,0,1,1,0,0,0,1,0,1,0,0,0,0,1,0,1,0,1,0,0,1,0,1,0,0,0,0,0,0,0,1,0,1,0,1,0,0,1,0,1,0,1,0,0,1,0,0,0,0,0,0,0,0,0,0,0,0,0,0,0,0,0,0,0,0,1,0,0,0,1.03751723837436
0,0,1,0,0,1,0,0,1,0,0,0,1,1,1,1,1,1,0,0,0,1,0,1,1,1,1,0,0,0,0,0,0,0,0,0,1,0,1,0,0,0,1,0,1,0,0,0,1,1,0,1,0,1,0,1,1,0,0,0,0,0,0,1,0,0,1,0,1,0,1,1,1,1,1,1,0,1,0,0,1,1,0,0,0,0,1,1,1,1,1,0,0,0,0,1,0,0,1,0,0,0,0,0,0,1.9002897437342399
0,0,1,0,0,1,0,1,1,0,1,0,1,1,1,1,0,1,0,0,0,1,0,0,1,0,0,0,0,0,0,0,0,0,0,0,0,0,1,0,0,0,1,0,1,1,1,0,0,1,0,1,0,1,0,1,0,0,1,1,0,2,0,0,1,2,0,0,0,1,2,0,1,1,0,0,0,0,0,2,1,1,0,0,0,0,0,1,0,1,0,0,0,0,0,1,0,0,1,0,2,1,0,0,0,1.2716923243123501
1,1,1,1,1,1,1,1,1,1,1,0,1,0,1,1,1,1,0,0,0,1,0,1,1,1,1,0,1,0,1,1,1,1,0,1,1,1,1,1,0,0,2,0,1,0,1,1,0,2,1,1,1,1,1,1,0,0,0,0,0,2,0,1,0,1,1,0,0,1,2,0,2,1,0,0,0,0,0,2,0,2,0,0,0,0,0,2,0,1,2,0,0,0,0,2,0,0,1,0,2,0,0,0,0,1.9712946944608403
1,1,1,1,1,0,1,1,1,1,1,1,1,1,1,1,1,1,1,0,0,1,0,1,1,1,1,0,1,1,1,1,1,1,0,1,1,1,1,1,0,0,2,0,1,1,1,1,0,2,1,1,1,1,0,1,0,0,0,0,0,2,0,1,0,1,1,0,0,1,2,0,2,1,0,0,0,0,0,2,0,2,0,0,0,0,0,1,0,1,2,0,0,0,0,2,0,0,1,0,2,0,0,0,1,1.12715011802395
1,1,2,2,1,1,1,1,2,0,2,0,0,1,2,2,2,2,1,0,0,2,0,1,1,0,0,0,1,0,1,0,0,0,0,0,0,1,2,1,0,0,1,0,0,0,1,0,1,2,1,1,0,2,0,1,0,0,1,1,1,2,0,0,0,0,1,0,1,0,2,1,2,2,0,0,1,1,0,1,1,0,0,0,0,0,1,2,0,0,2,0,0,0,0,2,0,0,2,0,2,0,0,0,0,1.30639799484223
1,1,1,1,1,2,0,2,1,1,1,0,0,1,1,2,2,2,1,0,0,2,0,2,1,1,1,0,2,1,1,1,0,0,0,0,0,1,2,0,1,0,1,2,1,1,2,0,2,1,1,0,1,1,0,2,1,2,1,1,1,1,0,2,1,0,1,1,1,0,1,0,2,2,0,0,0,1,1,1,1,1,0,0,0,1,0,2,0,2,2,0,0,0,1,2,0,1,2,0,1,0,0,0,0,1.37299321086057
1,1,1,1,1,1,1,1,1,1,1,0,1,1,1,1,1,1,1,0,0,1,0,1,1,1,1,0,1,1,1,1,1,1,0,1,1,1,1,1,0,0,2,0,1,0,1,1,1,2,1,1,1,1,0,1,0,0,0,0,0,2,0,1,0,1,1,0,0,1,2,0,2,1,0,1,0,0,0,2,0,1,0,0,0,0,0,1,0,1,2,0,0,0,0,2,0,0,2,0,2,0,0,0,0,0.914457256389197
1,1,1,1,1,1,1,1,1,1,1,0,1,1,1,1,1,1,1,0,0,1,0,1,1,1,1,0,1,1,1,1,1,1,0,1,1,1,1,1,0,0,2,0,1,0,1,1,0,2,0,1,1,1,0,1,0,0,0,1,1,2,0,1,0,1,1,0,0,0,2,0,1,2,0,1,0,0,0,2,0,0,0,0,0,0,0,1,0,1,1,0,0,1,0,1,0,0,1,0,2,0,0,0,0,1.67399838534907
2,2,2,2,1,2,0,2,2,1,2,1,0,2,2,2,2,2,2,0,0,2,0,2,1,2,2,1,2,1,2,0,0,0,0,0,0,1,2,0,1,0,2,1,0,1,2,0,2,2,0,1,2,1,1,2,0,1,0,2,2,2,0,2,0,0,1,0,0,0,2,0,2,2,0,2,0,0,0,2,0,1,0,0,0,1,0,2,0,2,2,0,0,0,0,2,0,2,2,0,2,0,0,0,0,0.400587552506356
1,1,1,1,1,2,0,1,1,1,1,0,1,0,1,2,2,2,0,0,0,2,0,2,1,0,1,1,1,1,0,1,0,0,0,0,0,1,2,0,1,0,1,1,1,1,1,0,2,1,2,1,0,2,1,2,1,2,1,0,0,1,0,2,1,1,1,1,1,0,1,0,2,2,0,1,0,1,1,1,1,2,0,0,0,0,0,2,0,1,2,0,0,0,1,2,0,0,1,1,1,1,0,0,0,1.1736546870266398
1,1,1,1,1,1,0,2,1,1,1,0,0,0,1,2,2,2,1,0,0,2,0,2,1,0,0,0,2,1,1,1,0,0,0,0,0,1,2,0,1,0,1,1,1,0,2,0,2,1,2,1,0,1,0,1,1,1,0,1,1,1,0,1,1,0,1,1,1,0,1,0,1,2,0,0,0,1,0,1,1,1,0,0,0,0,0,2,0,1,2,0,0,0,0,2,0,0,2,0,1,1,0,0,0,1.49876719422213
2,2,2,2,1,2,0,2,2,1,2,1,0,2,1,2,2,2,2,1,0,2,0,2,1,2,2,2,2,1,1,0,0,0,1,0,0,1,2,0,2,0,2,2,0,2,2,0,2,2,0,1,2,2,1,2,0,2,1,2,2,2,0,2,0,0,1,0,1,0,2,0,2,2,0,1,0,0,1,2,0,2,0,0,0,1,0,1,0,1,2,0,0,0,1,2,0,0,2,1,2,0,0,0,0,0.441007744168079
2,2,2,2,1,2,0,2,2,1,2,1,0,2,2,2,2,2,2,0,0,2,0,2,1,2,2,1,1,1,1,0,0,0,0,0,0,1,2,0,2,1,2,1,0,2,2,0,2,2,0,1,1,2,0,2,0,1,0,0,0,2,0,2,0,1,1,0,0,1,2,0,1,1,0,0,0,0,0,2,0,0,0,0,0,1,1,2,1,1,2,0,0,0,0,2,0,0,2,0,2,0,0,0,0,0.529801025967446
1,1,1,1,1,1,1,1,1,1,1,0,1,1,1,1,1,1,1,0,0,1,0,1,1,1,1,0,1,1,0,1,1,1,0,1,1,0,1,1,0,0,2,0,1,0,1,1,1,2,1,1,0,1,0,1,0,0,0,0,0,2,0,1,0,1,1,0,0,1,2,0,2,1,0,1,0,0,0,2,0,1,0,0,0,0,1,1,1,1,2,0,0,0,1,2,0,0,2,0,2,0,0,0,1,3.00318582426239
0,0,0,0,0,0,2,0,0,0,0,0,2,0,0,0,0,0,0,0,0,0,0,0,0,0,0,0,0,1,0,2,1,2,0,2,2,0,0,2,0,0,2,0,2,0,1,2,0,2,2,1,0,1,0,0,0,0,0,0,0,2,0,0,0,2,0,0,0,2,2,0,2,0,0,0,0,0,0,2,0,2,0,0,0,0,0,2,0,0,2,0,0,0,0,2,0,0,2,0,2,0,0,0,0,1.47136307591941
1,1,1,1,1,1,1,1,1,1,1,1,1,1,1,1,1,1,1,0,0,1,0,1,1,1,1,0,0,1,0,1,1,1,0,1,1,1,1,1,0,0,2,0,1,0,1,1,0,2,1,1,0,1,0,1,0,0,1,0,0,2,0,1,0,2,1,0,0,0,2,0,2,2,0,2,0,0,0,2,0,2,0,0,0,0,1,1,1,1,2,0,0,0,0,2,0,1,2,0,2,0,0,0,0,1.12057518782177
2,2,2,2,1,2,0,2,2,1,2,1,0,2,1,2,2,2,2,1,0,2,0,2,1,2,2,1,2,1,1,0,0,0,1,0,0,1,2,0,2,1,2,2,0,2,2,0,2,2,0,1,1,2,0,2,0,2,1,1,1,2,0,2,0,0,1,0,1,0,2,0,2,2,0,0,0,0,0,2,0,2,0,0,0,1,1,2,1,2,2,0,0,0,1,2,0,1,2,0,2,0,0,0,0,0.40833897691282506
1,1,1,1,1,0,1,1,1,1,1,0,1,1,1,1,1,1,0,0,0,1,0,1,1,1,1,0,1,1,0,1,1,1,0,1,1,1,1,1,0,0,2,0,1,1,1,1,0,2,1,1,1,1,0,1,0,0,0,0,0,2,0,1,0,1,1,0,0,1,2,0,1,1,0,0,0,0,0,1,0,1,0,0,0,0,0,1,0,1,2,0,0,0,0,2,0,0,2,0,2,0,0,0,0,0.8795146505075251
1,1,1,1,1,1,1,1,1,1,2,0,1,1,2,2,2,2,0,0,0,2,0,2,1,1,1,0,1,1,0,0,0,0,0,0,0,1,2,0,1,0,1,1,0,1,1,0,2,1,0,1,1,2,0,1,1,2,1,0,0,1,0,1,0,0,1,0,1,0,2,1,1,2,0,0,1,1,0,1,1,1,1,1,1,0,0,1,0,1,1,0,1,1,0,1,1,1,1,0,0,1,0,0,0,1.4830626995493001
1,1,1,1,1,1,1,1,2,1,2,0,1,2,2,2,2,2,1,0,0,2,0,2,1,2,2,0,1,1,1,0,0,0,0,0,0,1,2,0,2,0,1,2,0,2,1,0,2,1,0,1,1,2,0,2,1,2,1,0,0,1,0,2,0,0,1,0,1,0,2,1,2,2,0,0,1,1,0,0,1,0,1,1,1,0,1,2,1,2,2,0,1,0,0,2,1,0,2,0,1,1,0,0,0,1.03317290634304
1,1,1,1,1,1,1,1,2,1,2,0,1,2,2,2,2,2,0,0,0,2,0,2,2,2,2,0,1,1,0,0,0,0,0,0,0,1,2,0,0,0,1,1,0,1,2,0,2,1,0,1,2,2,1,2,1,1,0,0,0,1,0,2,0,0,1,0,1,0,1,1,2,2,0,0,1,1,0,1,1,2,1,1,1,0,0,2,0,2,2,0,1,0,0,2,1,0,2,0,0,0,0,0,0,0.656270969079211
1,1,1,1,1,1,1,1,1,1,1,0,1,1,1,1,1,1,1,0,0,1,0,1,1,1,2,0,1,1,1,1,1,1,0,1,1,1,1,1,0,0,2,0,1,0,1,1,1,2,1,1,1,1,0,2,0,0,0,0,0,2,0,2,1,1,1,0,0,0,2,0,2,2,0,1,0,0,1,2,0,1,0,0,0,0,0,2,0,2,2,0,0,0,2,2,0,0,2,1,2,0,0,0,0,1.1850421847585402
2,2,2,2,1,2,0,2,2,1,2,1,0,2,2,2,2,2,2,0,0,2,0,2,1,2,2,1,2,1,2,0,0,0,0,0,0,1,2,0,2,1,2,2,0,2,2,0,2,2,0,1,2,1,1,2,0,2,1,1,1,2,0,2,0,0,1,0,0,0,2,0,2,2,0,1,0,0,1,2,0,1,0,0,0,1,0,2,0,2,2,0,0,0,1,2,0,1,2,1,2,0,0,0,0,-0.0830131288794731
1,1,1,1,1,1,1,1,2,1,2,0,1,0,2,2,2,2,0,0,0,2,0,2,2,0,0,0,1,1,1,0,0,0,0,0,0,1,2,0,1,1,1,1,0,1,1,0,1,1,1,1,0,1,0,0,1,1,1,1,1,1,0,0,0,0,1,0,1,0,1,1,1,2,0,1,1,1,1,1,1,1,1,1,1,0,0,1,0,0,1,0,1,1,1,1,1,1,1,1,1,0,0,0,0,0.48331303012024396
1,1,1,1,1,1,1,1,1,1,1,0,1,1,1,1,1,1,1,0,0,1,0,1,1,1,1,0,0,0,0,1,1,1,0,1,1,1,1,1,0,0,2,0,1,0,1,1,0,2,1,1,0,1,0,1,0,0,0,0,0,2,0,1,0,2,1,0,0,1,2,0,1,1,0,1,0,0,0,2,0,2,0,0,0,0,1,1,1,1,2,0,0,0,1,2,0,0,2,0,2,0,0,0,0,1.09483992750522
0,0,0,0,0,0,2,0,1,0,1,0,2,0,1,1,1,1,1,0,0,1,0,1,1,0,0,0,0,0,0,1,1,1,0,1,1,1,1,1,0,0,1,0,1,0,1,1,1,1,1,1,0,1,0,0,1,0,0,0,0,1,0,0,0,1,1,0,1,1,2,1,1,1,0,0,1,1,0,1,1,0,1,1,1,0,0,1,0,0,0,0,1,1,0,1,1,0,1,0,1,1,1,0,0,5.5604097432458905
2,2,2,2,1,2,0,2,2,1,2,1,0,2,2,2,2,2,1,0,0,2,0,2,1,2,2,1,2,1,1,0,0,0,0,0,0,1,2,0,1,1,2,1,0,2,1,0,1,2,0,1,2,2,0,2,0,1,1,2,2,2,0,2,0,0,1,0,0,0,2,0,2,2,0,1,0,0,0,2,0,1,0,0,0,1,0,1,0,1,2,0,0,0,0,2,0,0,1,0,2,0,0,0,0,0.57020168275215
2,2,2,2,1,2,0,2,2,2,2,1,0,1,2,2,2,2,2,1,0,2,0,2,1,1,1,0,2,1,1,0,0,0,0,0,0,1,2,0,0,0,2,1,0,0,2,0,1,2,1,1,1,0,0,1,0,1,1,1,1,2,0,1,0,0,1,0,1,0,2,0,2,2,0,1,0,0,0,2,0,2,0,0,0,1,0,1,0,1,2,0,0,0,0,2,0,1,2,0,2,0,0,0,0,-0.38872843040358
2,2,2,2,1,1,0,2,2,1,2,1,0,2,2,2,2,2,2,0,0,2,0,2,1,2,2,1,2,1,2,0,0,0,1,0,0,1,1,0,1,1,2,1,0,1,2,0,2,2,0,1,2,2,1,2,0,1,1,0,0,2,0,2,0,0,1,0,1,0,1,0,2,2,0,0,0,0,1,2,0,1,0,0,0,1,0,2,0,2,2,0,0,0,1,1,0,0,1,1,2,0,0,0,0,0.16516653810462803
1,1,1,1,1,1,1,1,2,1,2,0,1,2,2,2,2,2,1,0,0,2,0,2,1,2,2,0,1,1,0,0,0,0,0,0,0,1,2,0,2,0,1,2,0,2,1,0,2,1,0,1,1,2,0,2,1,2,1,0,0,1,0,2,0,0,1,0,0,0,1,1,2,2,0,0,1,1,0,1,1,1,1,1,1,0,1,2,1,2,2,0,1,0,0,2,1,0,2,0,1,0,0,0,0,0.9361177323451539
2,2,2,2,1,2,0,2,2,1,2,1,0,2,2,2,2,2,2,1,1,2,0,2,1,2,2,1,2,1,2,0,0,0,1,0,0,1,2,0,2,0,2,2,0,2,2,0,2,2,0,1,2,1,0,2,0,2,1,2,2,2,0,2,0,0,1,0,1,0,2,0,2,2,0,0,0,0,1,2,0,2,0,0,0,1,0,1,0,2,2,0,0,0,1,2,0,1,2,0,2,0,0,0,0,0.377905139639758
2,2,2,2,1,2,0,2,2,1,2,1,0,2,2,2,2,2,2,0,0,2,0,2,1,2,2,0,2,1,2,0,0,0,0,0,0,1,2,0,2,0,2,1,0,1,1,0,2,2,0,1,2,2,0,2,0,1,0,1,1,2,0,2,0,0,1,0,0,0,2,0,2,2,0,1,0,0,1,2,0,2,0,0,0,1,0,2,0,2,2,0,0,0,1,2,0,0,1,1,2,0,0,0,0,0.0909600586157548
1,1,1,1,1,1,1,1,2,1,2,0,1,1,2,2,2,1,1,0,0,2,0,2,1,1,1,0,1,1,0,0,0,0,0,0,0,1,1,0,1,0,1,1,0,1,2,0,1,1,1,1,1,2,0,2,1,1,1,0,0,1,1,2,1,0,1,1,0,1,1,1,2,1,0,0,0,1,0,1,1,1,1,1,1,0,0,2,0,2,2,0,0,0,1,2,1,0,1,0,1,0,0,0,0,0.998846210692108
1,1,1,1,1,1,1,1,1,1,1,0,1,2,1,1,1,1,0,0,0,1,0,1,1,2,2,0,1,1,1,1,0,1,0,1,1,1,1,1,1,0,2,0,1,1,1,1,1,2,0,0,2,1,0,2,0,0,1,0,1,2,0,2,0,1,1,0,0,1,2,0,2,1,0,0,0,0,0,2,0,2,0,0,0,0,0,2,0,2,2,0,0,0,0,2,0,0,2,0,2,1,0,0,0,0.744072651102177
0,0,0,0,0,0,2,0,1,0,1,0,2,1,1,1,1,1,1,0,0,1,0,1,1,1,1,0,0,0,0,1,1,1,0,1,1,0,1,1,0,0,1,0,1,1,1,1,1,1,1,1,1,1,0,1,1,0,0,0,0,1,0,1,0,1,1,0,1,1,1,1,2,1,0,0,1,1,0,1,1,2,1,1,1,0,0,2,0,1,2,0,1,0,0,2,1,0,2,0,1,0,0,0,0,1.98745002765295
0,0,0,0,0,0,2,1,2,0,2,0,1,0,2,2,2,2,0,0,0,2,0,2,1,0,0,0,1,1,1,0,0,0,0,0,0,1,2,0,2,0,0,2,0,2,1,0,2,0,0,2,0,1,0,0,2,2,1,0,0,0,0,1,0,0,1,0,1,1,0,1,0,1,0,0,2,1,0,1,2,0,2,2,2,0,0,0,0,0,0,0,2,2,0,0,2,0,0,0,1,0,0,0,1,3.35570347895978
1,1,1,1,1,1,1,1,1,1,1,0,1,0,1,1,1,1,0,0,0,1,0,1,1,0,0,0,1,1,1,1,1,1,0,1,1,1,1,1,0,0,2,0,1,0,1,1,1,2,2,0,0,1,0,0,0,0,0,0,0,2,0,0,0,1,0,0,0,0,2,0,2,2,0,0,0,0,0,2,0,2,0,0,0,0,0,2,0,0,2,0,0,0,0,2,0,0,2,0,2,0,0,0,0,1.3041549846337699
2,2,2,2,2,2,0,2,2,1,2,2,0,2,2,2,2,2,2,2,0,2,0,2,2,0,0,2,2,2,2,0,0,0,2,0,0,2,2,0,2,1,2,2,0,2,2,0,2,2,0,2,0,2,1,2,0,2,2,0,0,2,0,0,0,0,1,0,2,0,2,0,2,2,0,1,0,0,1,2,0,1,0,0,0,0,2,2,0,0,2,0,0,0,1,2,0,0,2,1,2,0,0,0,0,0.35417875919643
1,1,1,1,1,1,1,1,2,0,2,0,1,2,2,2,2,2,0,0,0,2,0,2,2,2,2,0,1,0,0,0,0,0,0,0,0,1,2,0,1,0,1,1,0,1,1,0,2,1,0,1,2,2,1,2,1,2,1,0,0,1,0,2,0,0,1,0,2,0,1,1,2,2,0,0,1,1,0,1,1,2,1,1,1,0,0,2,0,2,2,0,1,0,1,2,1,0,2,0,1,0,0,0,0,1.05474393355756
0,0,0,0,0,0,2,0,1,0,1,0,2,0,1,1,1,1,0,0,0,1,0,1,1,0,0,0,0,0,0,1,1,1,0,1,1,1,1,1,0,0,1,0,1,0,1,1,1,1,2,1,0,1,0,1,1,0,0,0,0,1,0,1,1,1,0,1,1,1,1,1,2,1,0,0,1,1,0,1,1,2,1,1,1,0,0,2,0,1,2,0,1,0,0,2,1,0,2,0,1,0,0,0,0,1.90031860296414
0,0,0,0,0,0,2,0,1,0,0,0,2,0,1,1,1,1,0,0,0,1,0,1,1,0,0,0,0,0,0,1,1,1,0,1,1,0,1,1,0,0,1,0,1,0,1,1,1,1,1,1,0,1,0,1,1,0,0,0,0,1,1,1,1,1,1,1,1,1,1,1,1,1,0,0,1,1,0,1,1,0,1,1,1,0,0,1,0,1,1,0,1,1,0,1,1,0,1,0,1,1,0,0,0,0.926294765171016
0,0,0,0,0,0,2,0,0,0,0,0,2,0,0,0,0,0,0,0,0,0,0,0,0,0,0,0,0,0,0,2,2,2,0,2,2,0,0,2,0,0,2,0,2,0,1,2,0,2,2,0,0,1,0,1,0,0,0,0,0,2,1,1,1,2,0,1,0,2,2,0,2,0,0,1,0,0,0,2,0,1,0,0,0,0,0,2,0,1,2,0,0,0,0,2,0,1,1,0,2,0,0,0,0,3.8701569007015
2,2,2,2,2,2,0,2,2,1,2,2,0,2,2,2,2,2,2,2,0,2,0,2,2,2,2,2,2,2,1,0,0,0,2,0,0,2,2,0,2,2,2,2,0,1,1,0,2,2,0,2,1,2,1,2,0,2,2,1,1,2,0,2,0,0,1,0,2,0,2,0,2,2,0,1,0,0,0,2,0,2,0,0,0,0,1,2,1,2,2,0,0,0,1,1,0,0,2,0,2,0,0,0,0,0.28760435613788
2,2,2,2,2,2,0,2,2,1,2,2,0,2,2,2,2,2,2,2,0,2,0,2,2,2,2,2,2,2,1,0,0,0,2,0,0,2,2,0,2,2,2,2,0,2,2,0,2,2,0,2,1,2,0,2,0,2,2,0,1,2,0,2,0,0,1,0,2,0,2,0,2,2,0,1,0,0,0,2,0,1,0,0,0,0,1,2,1,1,2,0,0,0,0,2,0,0,2,0,2,0,0,0,0,-0.658212846932412
2,1,1,1,1,1,1,2,2,0,2,1,0,1,2,2,2,2,1,1,0,2,0,2,2,1,1,1,2,1,1,0,0,0,1,0,0,2,2,0,1,1,1,1,0,2,2,0,2,1,0,2,1,2,0,1,1,1,2,1,1,1,0,1,0,0,2,0,2,0,1,1,1,2,0,0,0,1,0,1,1,1,1,1,1,0,0,1,0,1,1,0,1,1,0,1,1,0,1,0,1,0,0,0,0,0.148535408453844
2,2,2,2,1,2,0,2,2,1,2,1,0,2,2,2,2,2,2,1,0,2,0,2,2,2,2,2,2,0,2,0,0,0,1,0,0,0,2,0,0,1,2,1,0,1,2,0,1,2,0,1,2,2,1,2,0,1,0,2,2,2,0,2,0,0,1,0,1,0,2,0,2,2,0,2,0,0,1,2,0,2,0,0,0,1,0,2,0,2,2,0,0,0,1,2,0,1,2,1,2,0,0,0,0,0.314220095337221
2,2,2,2,2,2,0,2,2,2,2,2,0,2,2,2,2,2,2,1,0,2,0,2,2,2,2,2,2,1,2,0,0,0,2,0,0,2,2,0,1,1,2,1,0,1,2,0,1,2,0,2,2,2,1,2,0,1,2,1,1,2,0,2,0,0,1,0,2,0,2,0,2,2,0,1,0,0,1,2,0,2,0,0,0,0,0,2,0,2,1,0,0,0,1,2,0,1,2,1,2,0,0,0,0,0.464189934397479
0,0,0,0,0,1,1,1,0,0,0,0,1,0,0,1,1,1,0,0,0,1,0,1,0,0,0,0,1,1,0,2,1,1,0,1,1,0,1,1,0,0,1,0,2,0,1,0,1,1,2,0,0,1,0,1,1,0,0,0,0,1,0,1,1,1,0,1,0,0,1,0,1,2,0,0,0,1,0,1,1,2,0,0,0,0,0,2,0,1,2,0,0,0,0,2,0,0,2,0,1,0,1,0,0,4.81063447272875
1,1,1,1,1,1,1,1,2,1,2,1,1,2,2,2,2,2,1,0,0,2,0,2,2,2,2,1,1,1,1,0,0,0,1,0,0,1,2,0,1,0,1,1,0,2,1,0,2,1,0,1,2,2,0,2,1,2,1,1,1,1,0,1,0,0,2,0,2,0,1,1,2,2,0,1,1,1,1,1,1,2,1,1,1,0,0,2,0,2,2,0,1,0,1,2,1,1,2,1,1,0,0,0,0,1.17440501775975
2,2,2,2,2,2,0,2,2,2,2,2,0,2,2,2,2,2,2,1,0,2,0,2,2,2,2,2,1,2,1,0,0,0,2,0,0,2,2,0,2,1,2,1,0,2,2,0,2,2,0,2,1,2,0,2,0,2,2,1,1,2,0,2,0,1,2,0,2,1,2,0,2,1,0,0,0,0,0,2,0,2,0,0,0,0,1,2,1,2,2,0,0,0,0,2,0,0,2,0,2,1,1,0,0,0.11269829639987801
2,2,2,2,2,2,0,2,2,1,2,2,0,2,2,2,2,2,2,2,0,2,0,2,2,2,2,2,2,1,2,0,0,0,2,0,0,1,2,0,2,1,2,2,0,2,2,0,2,2,0,2,1,2,0,2,0,2,1,1,1,2,0,2,0,0,1,0,2,0,2,0,2,2,0,1,0,0,2,2,0,2,0,0,0,0,1,2,1,2,2,0,0,0,1,2,0,0,2,1,2,0,0,0,0,-0.0171822163793562
2,2,2,2,2,2,0,1,2,2,2,2,0,2,2,2,2,2,2,2,0,2,0,2,2,2,2,1,1,1,1,0,0,0,2,0,0,0,2,0,1,2,2,2,0,2,1,0,2,2,0,2,2,2,1,2,0,2,0,1,1,1,0,2,0,0,0,0,2,0,2,0,2,2,0,1,0,1,0,0,0,2,0,0,0,0,0,1,0,2,2,0,0,0,0,2,0,0,1,0,1,0,0,0,0,-0.148814603481551
0,0,0,0,0,0,2,1,1,0,1,0,1,2,1,1,1,1,0,0,0,1,0,1,1,2,2,0,1,0,1,1,1,1,0,1,1,0,1,1,0,0,1,0,1,0,2,0,0,1,0,0,1,1,1,2,1,0,0,0,0,1,0,1,0,0,0,0,1,0,1,1,2,2,0,1,1,1,0,1,1,2,1,1,1,0,1,2,1,1,2,0,1,0,1,2,1,0,2,0,1,1,0,0,0,1.0270610691937199
1,1,1,1,1,1,1,1,1,1,1,1,1,1,1,1,1,1,0,0,0,1,0,1,1,1,1,0,2,0,1,1,0,1,0,1,1,0,1,1,0,0,2,0,1,1,0,1,0,2,1,0,1,1,1,1,0,0,0,1,1,2,0,1,0,1,0,0,0,0,2,0,2,2,0,1,0,0,1,2,0,2,0,0,0,0,0,2,0,1,2,0,0,0,1,2,0,0,2,1,2,0,0,0,0,0.244665488029079
1,1,1,1,1,1,1,1,1,1,0,0,1,1,1,1,1,1,0,1,0,1,0,1,1,1,1,0,1,0,1,1,1,1,0,1,1,0,1,1,0,0,2,0,1,0,1,1,0,2,0,1,1,1,1,1,0,0,0,1,1,2,0,1,0,1,1,0,0,0,2,0,1,2,0,0,0,0,0,2,0,1,0,0,0,0,0,1,0,1,1,0,0,1,0,1,0,0,1,0,2,0,0,0,0,0.7739141886360971
1,1,1,1,1,1,1,1,1,1,1,0,1,1,0,1,1,2,0,0,0,1,0,1,1,0,0,0,1,1,1,0,1,1,0,1,0,1,2,0,1,0,1,1,1,1,1,1,1,2,0,1,0,1,1,1,0,1,1,0,0,2,0,0,0,1,1,0,0,0,2,0,1,2,0,1,1,0,0,2,0,0,0,0,0,0,1,1,0,0,1,0,0,1,0,1,0,0,1,0,2,0,0,0,0,1.22419924686057
1,1,1,1,1,1,1,1,2,1,2,0,1,1,1,2,2,2,0,0,0,2,0,2,2,1,1,0,1,1,1,0,0,0,0,0,0,1,2,0,2,0,1,2,0,2,1,0,2,1,1,1,1,2,0,1,1,2,1,1,1,1,0,1,0,0,1,0,1,0,1,1,1,2,0,1,1,1,0,1,1,2,1,1,1,0,0,2,0,1,2,0,1,0,0,2,1,0,1,0,1,0,0,0,0,0.790210698394938
1,1,1,1,1,1,1,1,2,1,2,0,1,1,2,2,2,2,1,0,0,2,0,2,2,1,1,0,1,2,1,0,0,0,0,0,0,2,2,0,1,0,1,1,0,1,1,0,2,1,0,2,1,1,0,1,1,2,2,1,1,1,0,1,0,0,2,0,2,0,1,1,1,2,0,2,1,1,0,1,1,1,1,1,1,0,0,1,0,1,1,0,1,1,0,1,1,0,1,0,1,0,0,0,0,1.0659560451538101
1,1,1,1,1,1,1,1,2,1,2,0,1,1,2,2,2,2,0,0,0,2,0,2,2,1,1,0,1,0,1,0,0,0,0,0,0,1,2,0,0,0,1,2,0,2,2,0,1,1,1,1,1,2,1,1,1,2,0,1,1,1,0,1,0,0,1,0,2,0,1,1,2,2,0,1,1,1,1,1,1,2,1,1,1,0,0,2,0,1,2,0,1,0,1,2,1,0,2,1,1,0,0,0,0,0.986885216952393
0,0,0,0,0,0,2,0,1,0,1,0,2,0,1,1,1,1,0,0,0,1,0,1,1,0,0,0,0,0,0,1,1,1,0,1,1,1,1,1,1,0,1,1,1,1,1,1,1,1,1,1,0,1,0,0,1,1,1,0,0,1,0,0,0,1,1,0,1,1,1,1,1,1,0,1,1,1,0,1,1,1,1,1,1,0,0,1,0,0,1,0,1,1,0,1,1,0,1,0,1,0,0,0,0,1.00223472367314
0,0,0,0,0,0,2,0,0,0,0,0,2,1,0,0,0,0,0,0,0,0,0,0,0,1,1,0,0,0,0,2,1,2,0,2,2,0,0,2,0,0,2,0,2,0,1,2,0,2,1,0,1,1,0,2,0,0,0,0,0,2,1,2,1,2,0,1,0,1,2,0,2,1,0,0,0,0,0,2,0,1,0,0,0,0,0,2,0,2,2,0,0,0,0,2,0,0,2,0,2,1,0,0,0,2.01938535803859
1,1,1,1,1,2,0,2,1,1,1,1,0,1,1,2,2,2,1,0,0,2,0,2,1,1,1,0,2,1,0,1,0,0,0,0,0,0,2,0,1,0,1,1,1,1,2,0,2,1,1,2,0,0,1,2,1,1,1,0,0,1,0,2,1,0,0,1,2,0,1,0,2,2,0,1,0,1,0,1,1,2,0,0,0,0,1,2,1,2,2,0,0,0,0,2,0,0,2,0,1,0,0,0,0,0.552764258553258
1,1,1,1,1,1,1,1,2,1,2,0,1,1,2,2,2,2,0,0,0,2,0,2,2,1,1,0,1,1,1,0,0,0,0,0,0,1,2,0,1,1,1,1,0,1,1,0,2,1,0,1,0,1,1,1,1,1,1,1,1,1,0,1,0,0,1,0,2,0,2,1,1,2,0,1,0,1,0,1,1,1,1,1,1,0,1,1,1,1,1,0,1,1,0,1,1,0,1,0,1,0,0,0,0,0.918818856762149
1,1,1,1,1,1,1,1,1,1,1,0,1,1,1,1,1,1,0,0,0,1,0,1,1,1,1,0,1,0,1,1,1,1,0,1,1,0,1,1,0,0,2,0,1,0,1,1,0,2,1,0,1,1,1,1,0,0,0,1,1,2,0,1,0,1,1,0,0,1,2,0,2,1,0,0,0,0,0,2,0,2,0,0,0,0,0,2,0,1,2,0,0,0,0,2,0,0,2,0,2,1,0,0,0,1.1931935075628401
2,2,2,2,2,2,1,2,2,2,2,1,0,2,2,2,2,2,2,1,0,2,0,2,2,2,2,1,2,1,1,0,0,0,1,0,1,1,2,0,2,2,2,1,0,2,2,0,2,2,0,1,2,2,1,2,0,2,1,1,1,2,0,2,0,0,1,0,2,0,2,0,2,2,0,0,0,0,1,2,0,2,0,0,0,1,0,2,0,1,2,0,0,0,2,2,0,0,2,1,2,0,0,0,0,1.1851125982913602
1,1,1,1,1,1,1,1,1,1,1,1,1,1,1,1,1,1,0,0,0,1,0,1,1,1,1,0,1,0,1,1,1,1,0,1,1,0,1,1,0,0,2,0,1,0,1,1,0,2,0,0,1,0,0,1,0,0,0,0,0,2,0,1,0,1,0,0,0,0,2,0,1,2,0,1,0,0,0,2,0,1,0,0,0,0,0,1,0,1,1,0,0,1,0,1,0,0,1,0,2,0,0,0,0,1.5727925110226297
2,2,2,2,2,2,0,1,2,1,2,2,0,1,2,2,2,2,2,2,0,2,0,2,2,2,2,2,1,1,1,0,0,0,2,0,0,1,2,0,2,2,2,2,0,2,1,0,2,2,0,1,2,2,0,2,0,2,1,0,0,1,0,2,0,0,2,0,2,0,2,0,2,2,0,0,0,1,0,1,0,1,0,0,0,0,0,2,0,1,2,0,0,0,0,2,0,1,2,0,1,0,0,0,0,0.00438809847979948
2,2,2,2,2,2,0,1,2,2,2,1,1,1,2,2,2,2,2,1,0,2,0,2,2,1,1,2,1,2,1,0,0,0,2,0,0,2,2,0,2,1,2,2,0,2,1,0,2,2,1,2,1,2,1,2,0,2,2,0,0,2,0,2,1,1,2,1,1,0,2,0,2,2,0,1,1,0,1,2,0,1,0,0,0,0,0,2,0,1,2,0,0,0,1,2,0,0,2,1,2,0,0,0,0,-0.0431513263677525
1,1,1,1,1,1,1,1,2,0,2,0,1,0,2,2,2,2,0,0,0,2,0,2,2,0,0,0,1,0,1,0,0,0,0,0,0,2,2,0,1,0,1,2,0,2,1,0,2,1,2,2,0,2,0,0,1,2,2,1,1,1,0,0,0,0,2,0,2,0,1,1,2,2,0,1,1,1,1,1,1,1,1,1,1,0,0,2,0,0,2,0,1,0,1,2,1,0,2,1,1,1,0,0,0,0.6266137412644549
1,1,1,1,1,1,1,1,1,1,1,0,1,1,1,1,1,1,0,0,0,1,0,1,1,1,1,0,0,0,0,1,1,1,0,1,1,1,1,1,0,1,2,0,1,0,1,1,0,2,0,1,0,1,0,1,0,0,0,0,0,2,0,1,0,2,1,0,0,0,1,0,1,2,0,1,0,0,0,2,0,0,0,0,0,0,1,1,1,0,1,0,0,1,1,1,0,0,1,0,2,0,0,0,0,0.820718953513823
0,0,1,1,0,1,1,1,1,0,1,0,0,1,1,2,2,2,0,0,0,2,0,1,1,0,0,0,1,0,0,1,0,0,0,0,0,1,2,1,0,0,0,1,1,1,1,0,2,1,1,0,0,1,0,2,1,1,2,0,0,1,0,1,1,0,1,1,2,0,1,1,2,2,0,0,1,2,0,0,2,1,0,0,0,0,1,2,0,1,2,0,0,0,0,2,0,0,2,0,1,1,0,0,0,1.18545365114402
1,1,1,1,1,1,1,1,2,1,2,0,1,1,2,2,2,2,0,0,0,2,0,2,2,1,1,0,1,0,1,0,0,0,0,0,0,2,2,0,0,0,1,0,0,0,1,0,2,1,0,2,1,2,1,1,1,2,2,1,1,1,0,1,0,0,2,0,2,0,1,1,1,2,0,1,1,1,1,1,1,1,1,1,1,0,0,0,0,1,0,0,1,1,1,1,1,1,1,1,1,0,0,0,0,-0.167558576473484
1,1,1,1,1,1,1,1,1,1,1,0,1,1,1,1,1,1,0,0,0,1,0,1,1,1,1,0,1,0,1,1,1,1,0,1,1,0,1,1,1,0,2,0,1,1,1,1,0,2,1,0,1,1,0,1,0,0,0,1,1,2,0,1,0,1,0,0,0,1,2,0,2,1,0,0,0,0,0,2,0,1,0,0,0,0,0,2,0,1,2,0,0,0,0,2,0,0,2,0,2,1,0,0,0,0.652400208768213
1,1,1,1,1,1,1,2,1,1,2,0,0,1,1,1,1,1,0,0,0,1,0,1,1,1,1,0,2,0,2,1,1,1,0,1,1,1,1,1,0,1,2,0,1,0,2,0,1,2,1,0,1,1,0,1,0,0,0,1,1,2,0,1,0,0,1,0,0,0,2,0,2,2,0,1,0,0,1,2,0,2,0,0,0,0,0,2,0,1,2,0,0,0,1,2,0,0,2,1,2,0,0,0,0,0.986275851105503
1,1,1,1,0,1,1,1,1,1,1,0,1,1,1,1,1,1,1,0,0,1,0,1,1,1,1,0,2,0,1,1,0,1,0,1,1,1,1,1,1,1,2,0,1,1,1,1,1,2,1,1,1,1,0,1,0,0,0,0,0,2,0,1,0,1,1,0,0,0,2,0,2,2,0,0,0,0,0,2,0,1,0,0,0,0,0,2,0,1,2,0,0,0,0,2,0,0,2,0,2,0,0,0,0,0.886842617226385
1,1,1,1,1,1,1,1,1,1,1,1,1,2,1,1,1,1,0,1,1,1,0,1,1,1,1,0,1,0,1,1,0,1,0,1,1,1,1,1,0,0,2,0,1,0,2,1,0,2,0,1,1,1,1,2,0,0,0,0,0,2,0,1,0,1,1,0,0,0,2,0,2,2,0,0,0,0,0,2,0,1,0,0,0,0,1,2,0,1,2,0,0,0,0,2,0,0,2,0,2,1,0,0,0,0.884125032566318
1,1,1,1,1,1,1,1,2,1,2,1,1,1,2,2,2,2,1,1,0,2,0,2,2,1,1,0,1,1,1,0,0,0,0,0,0,1,2,0,1,0,1,1,0,1,2,0,2,1,0,1,1,2,1,1,1,2,1,1,1,1,0,1,0,0,1,0,2,1,2,1,1,1,0,0,1,1,0,1,1,1,1,1,1,0,0,1,0,1,1,0,1,1,0,1,1,0,1,0,1,1,0,0,0,0.9513790647407541
2,2,2,2,2,2,0,2,2,2,2,2,0,2,2,2,2,2,2,2,0,2,0,2,2,2,2,2,2,2,1,0,0,0,2,0,0,1,2,0,2,2,2,2,0,2,2,0,2,2,0,2,2,2,0,2,0,2,2,1,1,2,0,2,0,0,1,0,2,0,2,0,2,2,0,1,0,0,1,2,0,2,0,0,0,0,0,1,0,1,2,0,0,0,1,2,0,1,2,1,1,0,0,0,0,0.22968538708845998
1,1,1,1,1,1,1,1,1,1,1,1,1,1,1,1,1,1,0,0,0,1,0,1,1,1,1,0,1,0,1,1,1,1,0,1,1,1,1,1,0,1,2,0,1,0,1,1,0,2,1,1,1,2,1,2,0,0,0,1,1,2,1,2,1,1,1,1,0,1,2,0,2,1,0,1,0,0,0,2,0,1,0,0,0,0,0,2,0,1,2,0,0,0,0,2,0,0,2,0,2,1,1,0,0,0.7673822889206929
1,1,1,1,1,1,1,1,2,1,2,0,1,1,2,2,2,2,1,0,0,2,0,2,2,1,1,0,1,1,1,0,0,0,0,0,0,1,2,0,1,1,1,1,0,1,1,0,2,1,0,1,1,2,1,1,1,2,1,1,1,1,0,1,0,0,2,0,2,0,1,1,1,2,0,0,1,1,0,1,1,1,1,1,1,0,0,1,0,1,1,0,1,1,0,1,1,0,1,0,1,0,0,0,0,0.7408777155593941
0,0,0,0,0,0,1,1,1,0,2,0,1,1,1,1,2,1,0,0,0,1,0,1,1,1,1,0,0,0,0,0,0,0,0,0,0,0,1,0,0,0,0,0,0,1,1,0,1,0,0,1,1,1,0,1,1,0,0,0,0,1,0,2,0,1,1,0,1,0,2,1,1,2,0,0,1,1,0,0,1,1,1,1,1,0,0,1,0,1,1,0,1,1,0,1,1,0,1,0,1,1,0,0,0,1.5244301327106002
2,2,2,2,2,2,0,2,2,1,2,2,0,2,2,2,2,2,2,2,0,2,0,2,2,2,2,2,2,1,2,0,0,0,2,0,0,1,2,0,2,2,2,2,0,2,2,0,2,2,0,2,2,2,1,2,0,2,1,2,2,2,0,2,0,0,0,0,2,0,2,0,2,2,0,2,0,0,1,2,0,1,0,0,0,0,0,2,0,1,2,0,0,0,1,1,0,1,2,1,2,1,0,0,0,0.0535117430495993
2,2,2,2,2,2,0,2,2,1,2,2,0,2,2,2,2,2,2,2,0,2,0,2,2,2,2,2,2,2,2,0,0,0,1,0,0,2,2,0,2,2,2,2,0,2,2,0,2,2,0,1,2,2,1,2,0,2,2,2,2,2,0,2,0,0,2,0,2,0,2,0,2,2,0,1,0,0,0,2,0,2,0,0,0,0,0,2,0,1,2,0,0,0,0,2,0,1,2,0,2,0,0,0,0,0.19455164305126998
2,2,2,2,2,1,0,2,2,1,2,2,0,0,2,2,2,2,2,2,0,2,0,2,2,0,0,2,2,2,2,0,0,0,2,0,0,2,2,0,1,1,2,1,0,1,2,0,2,2,1,2,0,2,1,0,0,2,2,1,1,2,0,0,0,0,2,0,2,0,2,0,1,2,0,1,0,0,2,2,0,0,0,0,0,0,0,1,0,0,0,0,0,1,2,0,0,1,1,2,2,0,0,0,0,0.128779550512639
1,1,1,1,1,1,1,1,2,0,2,1,1,1,2,2,2,2,1,1,0,2,0,2,2,1,1,0,1,1,1,0,0,0,1,0,0,1,2,0,2,1,1,2,0,2,1,0,2,1,0,1,1,1,1,1,1,2,1,0,1,1,0,1,0,0,1,0,2,0,1,1,1,2,0,0,1,1,0,1,1,1,1,1,1,0,0,1,0,0,1,0,1,1,1,1,1,0,1,0,1,0,0,0,0,1.5405324274882701
2,2,2,2,2,1,0,2,2,1,2,2,0,2,2,2,2,2,2,2,0,2,0,2,2,2,2,1,1,1,1,0,0,0,2,0,0,1,2,0,2,2,2,2,0,2,2,0,2,2,0,2,1,2,1,2,0,2,1,0,0,2,0,2,0,1,1,0,2,0,2,0,2,2,0,1,0,0,0,2,0,2,0,0,0,0,1,2,1,2,2,0,0,0,1,2,0,0,2,0,2,0,0,0,0,0.226894963824775
2,2,2,2,2,2,0,2,2,1,2,2,0,2,2,2,2,2,2,2,0,2,0,2,2,2,2,2,2,1,2,0,0,0,0,0,0,1,2,0,1,2,2,2,0,2,2,0,2,2,0,2,2,2,1,2,0,2,1,2,2,2,0,2,0,0,1,0,2,0,2,0,2,2,0,1,0,0,0,1,0,2,0,0,0,0,0,2,0,2,2,0,0,0,0,2,0,2,2,0,2,0,0,0,0,0.8239432103091892
1,1,1,1,1,1,1,1,2,1,2,1,1,1,2,2,2,2,1,1,0,2,0,2,2,0,0,0,1,0,1,0,0,0,0,0,0,2,2,0,2,0,1,1,0,2,1,0,2,1,0,2,0,2,1,1,1,2,1,0,0,2,0,0,0,1,2,0,2,0,1,0,1,2,0,2,1,0,1,2,1,0,1,1,1,0,1,1,0,0,0,0,1,1,1,1,1,1,1,1,2,0,0,0,0,0.38935708408213
1,1,1,1,1,1,1,1,1,1,1,0,1,1,1,1,1,1,0,1,0,1,0,1,1,1,1,0,1,0,1,1,1,1,0,1,1,1,1,1,0,1,2,0,1,0,1,1,0,2,1,2,0,1,1,1,0,0,0,0,0,2,0,1,0,1,1,0,0,1,2,0,2,1,0,0,0,0,0,2,0,2,0,0,0,0,1,2,1,1,2,0,0,0,0,2,0,0,2,0,2,0,0,0,0,0.7529073737636691
2,2,2,2,2,2,0,2,2,1,2,1,0,2,2,2,2,2,2,2,0,2,0,2,2,2,2,2,2,2,2,0,0,0,2,0,0,2,2,0,2,2,2,2,0,2,2,0,2,2,0,2,1,2,1,2,0,2,2,1,1,2,0,2,0,0,2,0,2,0,2,0,2,2,0,1,0,0,1,2,0,2,0,0,0,0,1,2,1,1,2,0,0,0,1,2,0,1,2,1,2,0,0,0,0,0.305052356867094
1,1,1,1,1,1,1,1,1,1,1,0,1,1,1,1,1,1,1,0,0,1,0,1,1,1,1,0,2,0,1,1,0,1,0,1,1,0,1,1,0,0,2,0,1,0,1,1,0,2,1,0,1,1,0,1,0,0,0,0,1,2,0,1,0,1,0,0,0,0,2,0,2,2,0,1,0,0,1,2,0,2,0,0,0,0,0,2,0,1,2,0,0,0,1,2,0,0,2,1,2,0,0,0,0,1.98262363122673
2,2,2,2,2,1,0,2,2,1,2,2,0,2,2,2,2,2,2,2,0,2,0,2,2,2,2,2,2,2,2,0,0,0,2,0,0,2,2,0,2,2,2,2,0,2,2,0,2,2,0,2,2,2,1,2,0,2,2,1,2,2,0,2,0,0,2,0,2,0,2,0,2,2,0,1,0,0,1,2,0,2,0,0,0,0,0,2,0,2,2,0,0,0,1,2,0,0,1,1,2,0,0,0,0,0.210185955602252
0,1,1,1,1,0,1,1,2,0,2,1,1,0,2,2,2,1,0,0,0,2,0,2,2,0,0,0,1,1,1,0,0,0,0,0,0,2,1,0,2,0,1,2,0,1,1,0,2,1,1,2,0,1,0,1,1,1,2,0,1,1,1,1,1,0,2,1,2,0,2,1,1,2,0,0,1,1,0,1,1,0,1,1,1,0,0,1,0,1,0,0,1,1,0,1,1,0,1,0,1,1,0,0,0,0.985346422139557
2,2,2,2,2,2,0,2,2,2,2,2,0,1,2,2,2,2,2,2,0,2,0,2,2,0,0,2,2,1,2,0,0,0,2,0,0,2,2,0,2,1,2,2,0,2,2,0,2,2,0,1,0,2,1,1,0,2,2,1,1,2,0,0,0,0,2,0,2,0,2,0,1,2,0,1,0,0,0,2,0,1,0,0,0,0,1,1,0,0,1,0,0,1,0,1,0,0,1,0,2,0,0,0,0,0.39627669418039
