rs9597050,rs9597058,rs9534156,rs138653125,ENSG00000139618
0,0,0,0,1.73615376206597
0,0,0,0,4.42301870509423
0,0,1,0,4.24262394126057
0,0,1,0,7.80087414636741
0,0,0,0,3.1151538052211403
0,0,0,0,2.19780104866289
0,0,1,0,8.13317888484573
0,0,1,0,2.65068403497258
0,0,0,0,7.996697112167371
0,0,0,0,3.19189610648843
0,0,1,0,4.32667857181247
0,0,0,0,7.341215216777201
0,0,0,0,5.12891601715264
0,0,1,0,9.08659136977313
0,0,0,0,4.1717182459163
0,0,0,0,4.6090199448296705
0,0,0,0,5.22650532373474
0,0,0,0,10.8058461721906
0,0,0,0,2.44303214394748
0,0,0,0,7.26154446387065
0,0,1,0,4.3939876176619395
0,0,0,0,4.16395188521695
0,0,0,0,3.13953269009547
0,0,0,0,7.547526810966951
0,0,0,0,1.1480424608917301
0,0,0,0,5.370354998871679
0,0,1,0,15.6454866811972
0,0,0,0,6.107780586946371
0,0,1,0,10.255526165875
0,0,0,0,5.40383899885912
0,0,0,0,3.1809697611780696
0,0,1,0,11.3809076339692
0,0,0,0,6.92542239192512
0,0,0,0,2.5366011160213198
0,0,1,0,6.68702305198303
0,0,1,0,5.48537584707956
0,0,1,0,2.5440060166052203
0,0,2,0,10.147347539794401
0,0,0,0,2.15497575088034
0,0,0,0,9.00734590128544
0,0,1,0,3.48790478668428
0,0,0,0,6.47644767039067
0,0,2,0,8.216651525777861
0,0,1,1,8.07275581766366
0,0,0,0,2.43481700837192
0,0,1,0,8.53720755828288
0,0,0,0,4.426913768982669
0,0,0,0,4.17516683047047
0,0,0,0,4.278839383316289
0,0,0,0,2.6794292600056098
0,0,0,0,2.60495872209633
0,0,0,0,7.083151180252041
0,0,0,0,6.77161853793249
0,0,0,0,8.33569038694567
0,0,0,0,6.20275547411024
0,0,1,0,4.9285634338684
0,0,1,0,3.7121183321669307
0,0,0,0,10.3289334395013
0,0,0,0,10.521884421103598
0,0,0,0,7.21999152706665
0,0,0,1,11.4901688998108
0,0,1,1,13.435987928388199
0,0,2,0,4.49959086442721
0,0,0,0,2.58297917678807
0,0,0,0,3.8393220642144703
0,0,0,0,4.20950930204118
0,0,0,0,5.438830558660411
0,0,0,1,2.08799904389146
0,0,0,0,2.9204123665088
0,0,0,0,3.2209011669188303
0,0,0,0,5.307782161718309
0,0,0,0,5.26611669230421
0,0,0,0,8.54240085830485
0,0,0,0,6.3477152246114805
0,0,0,0,6.723232692146031
0,0,0,0,6.92516118478593
0,0,0,0,6.3185513341863
0,0,1,0,10.4813849024751
0,0,0,0,2.67624857743431
0,0,0,0,4.95538715275122
0,0,0,0,6.22378377806213
0,0,0,0,4.51603293898867
0,0,0,0,6.149091228958911
0,0,0,0,6.74472080301836
0,0,1,0,7.5276687732326195
0,0,0,0,6.27107299138307
0,0,1,0,6.54414780754624
0,0,1,0,5.44305564402375
0,0,1,0,6.9644391563836505
0,0,0,0,6.357971196431941
0,0,0,0,2.20319935337142
0,0,1,0,4.92477700340446
0,0,1,0,9.587190992988939
0,0,1,0,3.0696210796547003
0,0,0,0,5.06159455847391
0,0,0,0,5.818467754216501
0,0,0,0,2.31650987882083
0,0,0,0,7.14432858827027
0,0,0,0,5.401894607259179
0,0,1,0,7.43124987622766
0,0,2,0,12.4625807526191
0,0,1,0,7.500830053018709
0,0,1,0,7.9354047648957
0,0,0,0,7.54494687658121
0,0,0,0,6.801859545525381
0,0,0,0,6.1364074828689805
0,0,0,0,6.18770859263788
0,0,0,1,13.1819411425734
0,0,0,0,7.055754751187361
0,0,1,0,6.87096243901508
0,0,2,0,5.54832074652369
0,0,0,0,5.092494707327099
0,0,1,0,7.368478261772081
0,0,1,0,8.783074847542121
0,0,1,0,3.85992222393628
0,0,0,0,8.59605091540421
0,0,0,0,6.001333926311981
0,0,0,0,8.90712500519168
0,0,1,0,2.05146662765561
0,0,0,0,7.22387558642997
0,0,1,0,11.416717506984101
0,0,1,0,8.958708919794901
0,0,0,0,4.7142581437315
0,0,0,0,3.8337816933950495
0,0,1,1,10.4126488984601
0,0,0,0,3.4941901661092403
0,0,1,0,12.364021830723699
0,0,1,0,10.1046190312159
0,0,0,0,1.37980110570624
0,0,0,0,5.49079230379627
0,0,1,0,3.5924606204995797
0,0,1,1,11.4522448634249
0,0,1,0,5.36535365633478
0,0,0,0,3.77137922717421
0,0,0,0,4.89558665475121
0,0,0,0,4.48104029667706
0,0,1,0,5.628735918828009
0,0,1,0,5.7358100202075395
0,0,0,0,6.0704735871540905
0,0,0,0,8.590892481271139
0,0,0,0,6.74467389927198
0,0,0,0,4.20130040049903
0,0,0,0,4.47185861992933
0,0,0,0,5.75838092138896
0,0,0,0,6.60745882487113
0,0,0,0,1.29871755457338
0,0,0,0,4.6169104594781905
0,0,1,0,3.53440000076092
0,0,0,0,4.0213538249931
0,0,2,0,6.25938884546641
0,0,1,0,8.08640695516919
0,0,0,0,8.19636548752829
0,0,0,0,3.2733210321929698
0,0,1,0,5.1286338024144404
0,0,1,0,7.890253306651701
0,0,0,0,5.39827646102425
0,0,1,0,11.081319889475301
0,0,1,0,3.86817243246375
0,0,1,0,6.847946286419241
0,0,0,0,3.77658159136371
0,0,1,0,3.88715892245978
0,0,0,0,6.282365940350701
0,0,0,0,8.9809500028095
0,0,0,0,7.3967973602929105
0,0,1,0,5.9559333177032805
0,0,1,0,5.018451734556191
0,0,0,0,5.25308367306891
0,0,1,1,7.24285634997468
0,0,1,0,5.24609196194843
0,0,0,0,6.161416760243701
0,0,0,0,1.8930672476662702
0,0,0,0,10.1664320423939
0,0,0,0,8.74979725457001
0,0,1,0,6.257567564085949
0,0,0,0,3.28924696669388
0,0,0,0,4.876731701627531
0,0,0,0,3.9742680087103395
0,0,0,0,5.08060056331069
0,0,0,0,3.9617845950499797
0,0,0,0,3.41987838838781
0,0,0,0,3.4532061038263797
0,0,0,1,6.114463646756611
0,0,2,0,5.52737211324836
0,0,0,0,6.47318690150259
0,0,0,0,10.0660556116956
0,0,0,0,8.09728555678115
0,0,0,0,5.55480461149014
0,0,0,0,6.31879190950362
0,0,0,0,3.4700108477326
0,0,2,1,2.97588413784512
0,0,0,1,5.0932536569577005
0,0,0,0,6.06294915473309
0,0,0,0,10.7954438564907
0,0,0,0,5.4261875460441304
0,0,0,0,0.9924079155889441
0,0,0,0,6.096325392085411
0,0,0,0,6.09177683509822
0,0,1,0,6.9505317044243
0,0,0,0,7.82885299460035
0,0,0,0,3.62028354605553
0,0,1,0,3.4354950464336698
0,0,0,0,8.69914050146825
0,0,0,0,4.92761303639417
0,0,0,0,2.22124082839991
0,0,0,0,5.707415943191281
0,0,0,0,3.91819730139978
0,0,0,0,3.8359805559419704
0,0,0,0,3.9103568957583703
0,0,0,0,10.805334401470999
0,0,0,0,4.1845133990390195
0,0,0,0,2.34713066579127
0,0,0,0,4.12232331189204
0,0,1,0,11.922647185076801
0,0,0,0,5.46582100764012
0,0,0,0,4.37742888318767
0,0,1,0,6.81726380312271
0,0,1,0,5.28185036499058
0,0,0,0,3.3426945211724597
0,0,2,0,2.73385084564236
0,0,0,0,2.00181139121963
0,0,2,0,4.90682646156371
0,0,1,0,9.38177823499676
0,0,0,0,5.65766505440313
0,0,1,0,4.55940283341449
0,0,0,0,5.842168659889739
0,0,0,0,4.6704281027373
0,0,1,0,6.90182358536641
0,0,0,0,7.535833605716831
0,0,0,0,3.6937795352854597
0,0,0,0,3.6122074837365497
0,0,0,0,6.41247567469329
0,0,0,0,5.03966644299985
0,0,1,0,5.979482740172559
0,0,0,0,3.37983930374357
0,0,1,0,6.354527359067121
0,0,0,0,8.64521231912514
0,0,1,0,5.9507423168659495
0,0,1,0,8.15131111004906
0,0,0,1,13.6392670676242
0,0,0,0,3.8311142712167503
0,0,0,0,5.1009644988089
0,0,0,0,1.9518806659966101
0,0,1,0,4.987614340312019
0,0,0,0,6.22067973456815
0,0,0,0,5.056664985393611
0,0,0,0,3.98724652415243
0,0,1,0,8.12632486359149
0,0,0,0,5.0150326651866
0,0,1,0,8.423476124961999
0,0,0,0,6.8582209146709205
0,0,1,0,4.951472698766691
0,0,0,0,10.2795687482164
0,0,0,0,8.60417545994666
0,0,0,0,6.8678344455077305
0,0,0,0,5.21761295512732
0,0,0,0,6.91469352805863
2,2,0,0,15.1931806360964
0,0,0,0,3.17574504391538
1,1,0,0,5.61833354837975
0,0,0,0,4.4321924954907
0,0,0,0,4.51532831454037
0,0,0,0,5.995588177660591
0,0,0,0,8.4527625106525
0,0,0,0,2.24374059564095
0,0,0,0,1.65829635950612
0,0,0,0,5.4280471280863605
0,0,0,0,3.34185351603492
1,1,0,0,4.016512092166661
0,0,0,0,4.8626764169248
0,0,0,0,4.747543554775481
0,0,0,0,2.8788911844895297
0,0,0,0,3.4784215467082404
0,0,0,0,2.9606884976286296
0,0,0,0,5.67153412432096
0,0,0,0,5.284895925257991
0,0,0,0,3.41090077819966
1,1,0,0,8.56530023215788
0,0,0,0,2.753320123334
0,0,0,0,3.84968233764202
0,0,0,0,3.6354204045603105
0,0,0,0,2.81360407588301
0,0,0,0,2.9129782621225697
1,1,0,0,5.44994729275359
0,0,0,0,4.7663897779483495
0,0,0,0,6.952637979337079
0,0,0,0,6.106302559191719
0,0,0,0,16.6222570843476
0,0,0,0,8.01645404182412
0,0,0,0,3.58399444837018
0,0,0,0,5.97388734675575
0,0,0,0,3.9065297697032704
0,0,0,0,6.8349267832387195
0,0,0,0,7.523976458751941
0,0,0,0,3.56191530342983
1,1,0,0,5.53101696887713
0,0,0,0,8.23657219521349
0,0,0,1,5.397970692082501
0,0,0,0,4.39789761030007
1,1,0,0,12.812016934467799
0,0,0,0,2.89527347984892
0,0,0,0,4.12049941813869
0,0,0,0,4.86992051318521
0,0,0,0,3.93674433782165
0,0,0,0,6.098415172287459
0,0,0,0,3.1846928080160404
0,0,0,0,6.74447345733495
0,0,0,0,5.560520607136559
1,1,0,0,7.59443781216499
0,0,0,0,3.3220333794067596
0,0,0,0,5.2351846610348
0,0,0,0,8.142944868735759
0,0,0,0,2.43057280943904
0,0,0,0,5.83875827490388
0,0,0,0,8.75470406116454
0,0,0,0,7.26329263052655
0,0,0,0,3.92200392102912
0,0,0,0,7.203586397344919
0,0,0,0,7.353073610945151
0,0,0,0,6.66079588493984
0,0,0,0,6.98787089051929
0,0,0,0,6.82163076935446
1,1,0,0,12.563720225778
0,0,0,0,3.6276884272135606
0,0,0,0,6.29207269310279
0,0,0,0,2.17031218917068
0,0,0,0,7.8297975454142685
0,0,0,0,4.42121797004976
0,0,0,0,5.59217365870215
0,0,0,0,6.08291829897416
0,0,0,0,3.03234190891683
0,0,1,0,5.41561360726472
0,0,0,0,7.04861977944253
0,0,0,0,1.94462675871427
0,0,0,0,4.00373510980751
0,0,0,0,5.423258351896
0,0,0,0,7.72617618004776
0,0,1,0,5.07855679404993
0,0,0,0,8.3869749653882
0,0,0,0,6.001222274640679
0,0,1,0,5.841998198778991
0,0,0,0,5.67225281264158
0,0,0,0,6.74761106907921
0,0,0,0,7.818305522731509
0,0,0,0,2.45136957244012
0,0,0,0,3.77024639797858
0,0,0,0,7.01045661276358
0,0,1,0,3.4240502933659704
0,0,0,0,3.75261423937447
0,0,0,0,4.77391391190984
0,0,0,0,10.9223248207339
0,0,0,1,9.49717759639745
0,0,1,0,6.633692279935381
0,0,0,1,7.342121936776481
0,0,0,0,4.85565958904441
0,0,0,0,10.954060746679401
0,0,1,0,6.03996452845628
0,0,0,0,5.70636181219471
0,0,0,0,4.64763355962216
0,0,1,0,4.910921500455889
0,0,1,0,5.82331215063997
0,0,0,0,2.5876435031062703
0,0,0,0,5.53316244328843
0,0,0,0,7.86782524128121
0,0,0,0,5.62491072906687
0,0,0,0,6.30686062076391
0,0,1,0,6.4117242892468
0,0,0,0,2.7505320997384604
0,0,1,0,7.33334860421809
0,0,0,0,3.9578929372379
0,0,0,0,3.8711340236272096
0,0,1,0,6.5115753297134
0,0,0,0,1.6435361472353203
0,0,0,0,5.4269117319026305
0,0,0,0,3.30305610303627
0,0,0,0,4.33188131854923
0,0,0,0,4.66415593108579
0,0,1,0,5.460398634556321
0,0,0,0,5.64061565111373
0,0,1,0,4.68612631342712
0,0,0,0,8.31922097811418
0,0,1,0,7.08234196755501
0,0,1,0,11.1820370836937
0,0,1,0,3.48950260546167
0,0,0,0,6.75659689809606
0,0,0,0,5.456054372379861
0,0,0,0,5.0020588455770705
0,0,2,0,5.66799681601943
0,0,0,0,5.901064514097559
0,0,1,0,4.114454782253319
0,0,1,0,9.5496192244839
0,0,1,0,6.072136083187781
0,0,0,0,5.6487671976385405
0,0,1,1,5.23178848208416
0,0,0,0,6.56855530798551
0,0,0,0,8.09915676537963
0,0,1,0,8.135917356808191
0,0,0,0,7.50797437097391
0,0,0,0,7.19488910255419
0,0,0,0,4.64398448646718
0,0,0,0,5.9994001419043395
0,0,0,0,5.90328014276835
0,0,1,0,4.15740861188678
0,0,0,0,8.543910158481179
0,0,0,0,3.7967504883378704
0,0,0,0,8.78128820428064
0,0,0,0,3.0340992727987404
0,0,0,0,4.8405026668940705
0,0,0,0,4.67913376047252
0,0,1,0,4.3348777338683995
0,0,0,0,3.9805607709110804
0,0,0,0,4.652735367050691
0,0,0,0,5.2573724236751
0,0,1,0,5.87431368097296
0,0,0,0,9.80065678458465
0,0,1,0,6.54653781526721
0,0,0,0,3.17066830072433
0,0,0,0,1.5480394593093703
0,0,0,0,5.7393769381103805
0,0,0,0,5.50761103250023
0,0,0,0,5.13514482570285
0,0,0,1,3.39394271792569
